159,117
12,18
120,160
22,100
37,40
38,62
150,76
151,81
132,81
9,4
42,112
1,0,2,1,1,1,2,1,2,1,2,2,2,2,2,2,1,2,0,1,0,1,2,0,1,1,1,1,1,1,1,1,1,1,0,1,1,1,1,0,1,1,1,1,1,0,1,1,1,1,1,1,1,0,1,0,1,1,1,1,1,0,1,1,1,1,1,1,1,1,1,1,1,1,1,1,0,1,0,1,1,1,1,1,1,1,1,1,1,0,1,1,1,1,1,1,1,0,1,1,1,1,0,1,1,1,1,1,0,1,1,1,1,1,0,1,1,1,1,1,1,1,1,1,1,1,0,1,1,1,1,1,0,0,1,1,1,1,1,1,1,0,0,1,1,1,1,1,1,0,1,1,1,0,0,0,0,1,1,1
0,0,0,2,1,0,1,0,1,2,1,2,1,2,2,2,2,2,2,1,1,1,1,1,2,1,1,0,1,1,1,1,1,1,1,1,0,1,1,1,0,1,1,1,1,1,1,1,1,1,1,1,1,1,1,0,1,1,1,1,1,1,0,1,1,1,1,1,1,1,1,1,0,1,1,1,1,1,1,1,1,0,1,1,1,1,1,1,1,1,1,1,0,1,1,1,1,1,1,1,1,1,1,1,1,1,1,0,1,1,1,0,1,0,1,1,1,1,1,0,1,1,1,1,1,1,1,1,0,1,1,0,1,1,1,1,1,1,1,1,1,0,1,0,1,1,0,1,0,1,1,0,0,1,1,1,1,1,1,1
1,1,2,1,2,1,1,0,1,0,0,2,2,1,0,0,1,0,1,0,0,2,1,2,2,0,1,1,1,1,1,0,1,1,1,1,1,1,1,1,0,0,0,0,1,1,1,1,0,1,1,1,1,1,1,0,1,1,0,1,1,1,1,1,0,1,1,0,1,1,1,0,0,1,1,1,0,1,0,1,1,1,1,0,1,0,1,1,1,1,1,0,1,1,1,1,1,0,1,1,1,1,1,1,1,1,1,0,1,1,1,0,1,1,1,1,1,1,1,0,1,1,1,1,1,1,1,1,1,1,1,1,0,0,1,1,1,1,1,1,1,1,0,1,1,1,1,1,1,1,1,0,1,1,0,1,1,1,1,1
a2,a2,a2,b2,a2,b2,b2,a2,b2,b2,a2,b2,a2,a2,a2,a2,a2,b2,b2,a2,a2,b2,a2,b2,a2,a2,a2,a2,a2,a2,a2,a2,a2,a2,a2,a2,a2,a2,a2,a2,a2,a2,a2,a2,a2,a2,a2,a2,a2,a2,a2,a2,a2,a2,a2,a2,a2,a2,a2,a2,a2,a2,a2,a2,a2,a2,a2,a2,a2,a2,a2,a2,a2,a2,a2,a2,a2,a2,a2,a2,a2,a2,a2,a2,a2,a2,a2,a2,a2,a2,a2,a2,a2,a2,a2,a2,a2,a2,a2,a2,a2,a2,a2,a2,a2,a2,a2,a2,a2,a2,a2,a2,a2,a2,a2,a2,a2,a2,a2,a2,a2,a2,a2,a2,a2,a2,a2,a2,a2,a2,a2,a2,a2,a2,a2,a2,a2,a2,a2,a2,a2,a2,a2,a2,a2,a2,a2,a2,a2,a2,a2,a2,a2,a2,a2,a2,a2,a2,a2,a2
1,2,0,2,0,1,1,2,1,2,1,2,1,1,1,1,2,0,1,1,2,2,0,1,1,1,1,1,1,1,1,1,1,1,1,1,1,1,1,1,1,0,1,1,1,1,1,1,1,1,1,1,0,1,1,1,1,1,1,1,1,1,1,1,0,0,1,0,1,1,1,1,1,1,1,1,0,1,1,1,0,1,1,0,1,1,1,1,1,1,0,1,1,1,1,1,1,1,0,1,1,1,1,1,1,0,1,1,1,1,1,1,1,1,1,0,1,1,1,1,1,1,0,1,1,1,1,1,0,1,1,1,1,1,1,1,0,0,1,1,1,1,1,1,1,1,0,1,0,1,0,1,1,0,1,1,0,1,0,1
0,1,2,2,2,2,0,1,2,2,1,2,2,0,0,1,0,2,2,0,2,2,2,1,2,1,1,1,1,1,1,1,1,1,1,1,1,1,1,1,1,1,1,1,1,1,0,1,0,1,1,1,0,1,1,1,1,1,0,1,1,1,1,1,1,1,1,1,1,1,1,1,0,1,1,1,1,1,1,1,1,1,0,1,1,1,1,1,1,1,1,0,0,1,1,0,1,1,0,1,1,1,1,1,1,1,1,1,1,1,1,1,1,1,1,1,1,0,1,1,1,1,1,1,0,0,1,1,1,0,0,1,1,0,1,1,1,1,1,1,1,1,1,1,0,1,1,1,1,1,1,1,1,1,1,1,0,1,1,1
0,1,2,2,0,2,0,0,1,2,2,1,1,2,0,2,0,2,1,2,1,0,1,2,2,1,1,1,1,1,1,1,1,1,1,1,0,1,1,0,1,0,1,1,0,1,1,0,0,1,1,1,1,1,1,0,0,1,1,1,1,1,1,1,1,0,1,0,1,1,1,0,1,1,1,1,1,1,1,1,1,1,1,0,1,1,1,1,1,1,1,1,1,1,1,1,0,1,1,1,0,0,0,0,1,1,1,1,1,0,0,1,1,1,1,1,1,0,1,1,0,1,1,1,1,0,1,1,1,1,1,1,0,1,1,1,1,0,1,1,1,1,1,1,0,1,0,1,1,1,1,0,1,1,1,0,1,1,0,1
1,1,1,0,2,1,1,0,2,2,2,2,2,1,2,1,2,2,1,1,1,2,0,2,0,1,1,1,1,1,1,1,1,1,1,1,1,1,0,1,0,1,0,1,0,0,1,1,0,1,1,0,1,1,1,1,1,1,1,1,0,1,1,1,0,1,1,1,1,0,0,1,0,1,1,1,1,1,1,1,1,1,1,0,1,1,1,1,1,1,0,1,1,1,1,1,1,1,1,1,0,1,1,1,1,1,1,1,1,1,1,1,1,1,1,1,0,1,1,1,1,1,1,1,1,1,1,1,1,1,1,1,0,1,1,1,0,0,1,1,1,1,1,1,1,0,1,1,1,1,1,1,1,1,1,1,1,1,1,0
0,1,2,1,0,1,2,2,0,2,0,2,0,2,2,1,2,2,1,2,2,2,1,0,1,1,1,1,0,0,1,1,1,0,1,1,1,1,1,1,1,1,1,1,1,1,1,1,0,1,1,1,0,1,1,1,1,1,1,1,0,1,1,1,1,1,1,1,1,1,1,1,1,1,1,1,1,1,1,1,1,0,0,1,0,1,1,1,0,1,1,1,1,0,1,1,1,1,1,0,1,1,1,1,1,1,1,1,1,1,1,1,1,1,1,1,1,1,1,1,1,0,1,0,1,1,1,0,1,1,1,1,1,1,1,1,1,1,0,1,1,0,1,1,1,1,1,1,1,0,1,1,0,1,1,1,0,1,1,0
0,1,1,2,0,2,1,1,0,2,1,1,2,2,1,1,1,0,0,2,b4,b4,b4,a4,a4,a4,a4,a4,a4,a4,a4,a4,a4,a4,a4,a4,a4,a4,a4,a4,a4,1,0,1,1,1,1,1,1,1,1,1,0,0,1,1,0,1,1,1,1,1,1,1,1,1,1,1,1,1,1,0,0,0,1,1,1,1,1,1,1,1,0,0,1,1,1,0,1,1,1,1,1,1,1,1,1,1,0,1,0,1,1,0,1,1,1,1,1,1,1,1,1,1,1,1,1,0,1,1,1,1,1,0,1,1,1,1,0,1,1,1,1,0,1,1,1,1,0,1,1,1,1,1,1,0,1,1,1,1,0,1,1,1,1,1,1,1,0,1
0,2,0,2,1,2,1,1,2,2,1,0,0,1,0,2,2,0,2,2,a4,2,1,0,1,1,1,1,0,1,0,1,1,1,1,1,1,1,1,1,a4,1,1,0,1,1,1,0,1,1,1,1,0,1,1,1,1,1,1,1,0,1,1,0,0,0,1,1,0,1,1,1,1,0,1,0,1,1,1,1,0,1,1,1,0,1,1,1,1,1,0,0,1,0,1,1,1,1,1,1,1,1,1,1,1,1,0,1,1,1,1,1,1,1,1,0,1,0,1,1,1,1,1,1,1,1,1,1,1,1,1,1,1,1,1,1,0,0,1,1,0,0,0,1,1,0,1,1,1,0,1,1,0,0,1,1,0,1,1,1
0,2,1,2,0,1,1,1,2,1,0,2,2,0,1,2,0,1,2,2,b4,1,0,1,0,1,0,1,0,1,1,1,1,1,1,1,1,1,1,1,a4,1,0,1,0,0,0,1,1,0,1,0,1,1,1,1,1,1,0,1,1,0,1,0,1,1,0,1,0,1,1,1,1,1,0,1,1,1,1,1,1,0,1,1,1,1,1,0,1,1,1,1,1,1,1,0,1,1,1,1,1,1,1,0,1,1,1,0,1,1,1,0,1,1,1,1,1,1,1,0,1,1,1,1,1,1,1,1,1,1,1,1,1,1,1,0,0,1,1,1,1,1,1,1,1,1,0,1,1,1,1,1,1,1,1,1,0,1,1,1
2,0,1,1,2,1,1,0,2,2,1,0,2,0,2,2,1,2,0,1,a4,2,1,2,2,1,1,1,1,1,1,1,1,1,1,1,0,1,1,1,a4,1,0,1,1,0,1,1,1,0,1,1,0,1,0,1,1,1,1,0,1,1,0,1,1,1,0,1,1,1,1,1,1,1,1,1,1,1,1,1,1,1,1,1,1,0,0,0,1,1,0,1,1,1,0,1,1,0,1,0,1,1,0,1,1,1,1,0,1,1,1,0,1,1,1,1,1,1,1,1,0,1,1,1,1,1,1,1,1,1,1,1,1,1,1,1,0,1,1,1,1,1,1,1,0,0,1,1,1,1,0,1,1,1,1,0,1,1,1,1
2,1,0,1,1,0,2,0,2,1,1,1,1,0,2,0,2,1,2,1,b4,2,2,1,1,0,0,1,1,1,0,0,1,1,1,1,1,1,1,1,a4,0,1,0,1,0,1,1,0,1,1,1,1,0,1,1,1,0,1,1,1,1,1,1,1,1,1,1,0,0,1,1,1,1,1,0,1,1,1,1,1,1,1,1,1,1,0,1,1,1,1,1,0,1,1,0,1,1,1,0,0,0,0,1,0,0,1,1,1,1,1,1,1,1,1,1,1,1,1,1,1,1,0,0,1,1,1,1,0,0,1,1,1,0,0,1,1,1,1,1,1,1,1,1,1,1,1,1,1,1,1,1,1,1,1,1,1,1,1,0
0,0,0,0,0,1,2,2,2,1,2,0,2,1,2,2,1,1,2,1,a4,0,0,0,1,1,1,1,1,1,1,0,1,0,1,1,1,1,0,1,a4,1,1,1,1,1,1,1,1,1,1,1,1,1,1,1,1,1,1,1,0,1,0,1,1,0,1,1,1,1,1,1,1,1,1,1,1,1,1,1,1,1,1,1,1,1,1,1,1,1,1,1,0,1,1,1,1,1,1,1,0,1,0,1,1,0,0,0,0,0,1,0,1,1,0,1,1,0,1,0,1,1,1,0,1,1,1,1,1,1,1,1,1,1,1,1,1,1,0,1,1,1,1,1,1,1,0,1,0,1,1,1,1,0,1,1,1,0,1,0
0,2,1,1,2,1,2,1,1,0,0,1,1,1,0,0,2,1,2,2,b4,2,1,0,0,1,1,1,1,1,1,0,1,0,1,1,1,1,1,1,a4,0,1,1,1,1,0,0,0,1,1,1,1,1,1,1,1,1,0,1,1,1,1,1,0,1,1,1,1,0,1,1,1,1,0,1,1,1,1,1,1,1,1,0,1,1,0,1,1,1,0,1,0,0,0,0,1,1,1,1,0,0,1,1,1,1,1,1,1,0,1,1,1,1,0,1,0,1,1,1,0,1,1,1,1,1,1,0,1,1,1,1,1,1,1,1,1,1,1,1,1,0,1,0,1,1,1,0,0,1,1,1,1,1,1,1,1,1,1,1
2,0,2,1,0,2,1,2,2,2,0,2,2,0,2,2,1,0,1,0,a4,2,1,1,1,1,1,1,1,0,1,0,1,1,1,1,1,1,1,1,a4,1,1,1,0,0,1,1,0,1,1,1,1,1,1,1,1,1,1,1,1,1,1,1,1,1,1,0,1,1,1,1,1,0,0,0,1,1,1,1,1,1,1,0,0,1,1,1,1,1,0,1,1,0,1,0,1,1,1,1,1,1,0,1,1,1,1,1,1,1,1,0,0,1,0,1,0,1,1,1,1,1,1,0,1,0,1,1,1,1,1,1,1,1,1,1,1,1,1,1,0,1,1,1,1,1,1,1,1,1,0,0,1,1,1,1,0,0,0,1
2,0,2,2,1,0,2,1,1,2,1,0,2,2,1,1,2,1,1,1,a4,2,1,2,1,1,1,1,1,0,1,0,1,1,1,1,1,1,0,1,a4,1,1,0,1,0,0,1,1,1,0,1,1,0,1,1,0,1,1,1,0,1,1,1,0,1,0,1,1,1,1,1,1,1,1,1,0,0,1,1,1,1,1,0,1,1,1,1,1,1,1,1,1,1,0,1,0,1,1,1,1,1,1,1,1,1,1,1,0,0,1,0,0,1,0,1,1,1,1,0,1,1,1,1,1,1,0,1,1,0,1,1,0,1,1,1,1,1,0,1,1,1,1,1,1,1,1,1,1,0,1,0,1,1,0,1,1,1,1,0
2,2,1,1,1,2,1,0,2,0,0,2,2,2,2,2,0,1,2,2,a4,2,0,2,2,1,1,1,1,1,1,1,0,1,1,1,1,1,0,1,a4,1,0,0,1,1,1,0,1,1,1,1,1,1,1,1,1,1,1,0,1,0,1,1,1,1,1,1,1,1,1,1,0,1,1,1,1,1,1,1,1,1,0,1,1,1,1,1,0,1,1,0,1,1,0,1,1,0,1,0,1,1,1,0,1,1,1,0,1,1,1,1,0,1,1,1,1,1,1,1,1,1,1,1,0,0,1,1,1,1,1,1,0,1,1,0,1,1,1,1,0,1,1,1,0,0,1,1,1,1,0,1,1,1,1,1,1,1,1,0
2,2,1,1,1,2,2,2,1,1,1,1,0,0,0,2,2,0,1,0,a4,0,2,2,0,1,1,0,1,0,0,1,0,1,1,0,1,1,0,0,a4,0,1,1,1,0,0,1,1,1,1,1,0,1,1,0,0,1,1,0,1,1,1,1,1,1,1,1,0,0,1,1,1,1,1,0,1,1,1,1,1,0,1,0,1,1,0,1,1,1,1,1,0,1,1,1,0,1,1,0,1,1,0,0,1,1,1,0,1,1,0,1,1,1,0,1,1,1,1,1,1,1,1,1,1,1,1,1,1,1,0,1,1,1,1,0,1,0,1,0,1,1,0,1,1,1,0,1,1,1,1,1,1,1,1,1,1,1,0,1
1,0,1,1,0,1,1,1,0,1,1,1,1,0,1,1,1,1,1,1,a4,1,0,0,1,0,1,1,1,0,1,1,1,1,1,1,0,1,1,1,a4,1,1,0,1,1,1,1,1,0,1,1,1,0,1,1,1,0,0,1,1,1,1,1,1,0,1,1,1,1,1,0,1,1,1,1,0,1,1,0,0,1,0,0,1,1,1,0,0,1,1,1,1,1,1,0,1,1,1,0,1,0,1,1,0,1,1,1,1,1,1,1,1,1,0,1,1,1,1,1,0,1,1,1,1,1,0,0,1,1,0,0,1,1,1,1,1,1,1,1,0,1,1,0,1,1,1,0,1,1,1,1,1,0,1,0,1,1,1,0
1,0,0,1,1,0,1,0,1,0,1,1,1,1,1,0,1,0,0,1,a4,0,0,1,1,1,1,1,0,1,1,1,0,1,1,1,0,1,1,1,a4,0,1,1,1,1,0,1,0,0,0,1,1,1,0,1,1,0,1,0,1,1,1,0,1,1,1,1,1,1,0,1,1,1,1,0,0,1,0,1,1,1,0,1,0,0,1,1,1,1,1,0,1,1,1,1,1,1,1,1,1,0,1,1,1,1,1,1,1,0,1,1,0,0,0,0,0,1,1,1,1,1,1,1,1,0,1,1,1,1,1,0,1,0,1,1,1,1,1,1,1,1,1,0,1,0,1,1,1,1,1,1,1,1,0,1,1,1,1,1
0,0,1,1,0,1,1,0,1,0,1,1,1,1,1,1,1,1,1,1,a4,0,1,0,1,1,1,0,1,0,1,1,1,1,1,0,1,1,0,1,a4,1,1,0,0,1,0,1,1,1,1,1,1,1,0,1,1,1,1,1,1,1,1,1,0,1,1,0,0,1,0,1,1,1,1,1,1,1,0,1,1,1,1,1,1,1,1,1,1,1,1,1,1,1,0,1,1,1,1,0,0,1,1,0,0,1,1,1,1,1,1,1,1,1,1,1,1,1,1,1,0,1,1,1,1,0,0,1,1,1,1,1,1,1,1,1,1,1,0,1,1,1,1,1,1,1,0,1,1,0,1,1,0,1,1,0,1,0,1,1
1,1,1,1,1,1,0,1,1,0,0,1,1,1,0,1,1,1,1,1,a4,1,1,1,1,1,1,1,1,1,1,0,1,1,1,1,0,1,0,1,a4,1,1,1,1,1,1,0,1,1,0,1,0,1,1,1,0,1,1,1,1,1,1,1,0,0,1,1,1,1,1,1,0,1,1,0,1,0,1,1,0,1,1,0,1,1,1,1,1,0,1,0,1,1,1,1,1,1,1,0,1,1,0,1,0,1,1,0,1,1,1,1,1,0,1,1,1,1,0,1,1,1,1,1,0,1,1,1,0,1,0,1,1,1,1,1,1,1,1,1,0,1,1,1,0,0,1,1,1,1,1,1,1,1,1,1,1,1,1,1
1,1,0,1,1,1,1,1,0,1,1,1,1,1,1,1,1,1,1,1,a4,1,1,1,1,1,1,1,1,1,1,0,1,1,1,1,1,1,1,0,a4,0,1,1,1,1,1,1,1,0,1,1,0,1,1,1,1,1,1,1,1,1,1,1,0,1,1,1,0,1,1,1,1,1,0,1,1,1,1,1,0,1,1,0,1,1,1,1,1,1,1,1,1,1,0,1,0,0,0,0,1,1,1,1,0,1,0,1,1,1,1,1,0,1,1,0,1,1,1,0,1,0,1,0,1,1,1,0,0,1,0,1,1,1,1,0,1,1,1,0,1,1,1,1,1,1,1,1,1,1,0,1,1,1,0,1,1,1,1,1
1,0,1,0,1,1,1,1,0,0,1,1,0,1,1,0,1,1,1,1,a4,0,0,1,1,1,0,0,2,1,2,0,1,1,2,2,0,2,0,1,a4,1,2,0,2,2,2,1,0,0,1,2,0,1,0,0,1,1,1,1,1,1,0,1,0,1,1,1,1,0,1,1,1,1,1,1,1,1,1,0,1,1,1,1,1,1,1,0,1,1,1,1,1,1,1,0,1,1,1,1,1,1,1,1,1,1,1,1,0,1,1,1,0,1,1,1,0,1,1,1,1,1,1,1,1,1,1,0,1,0,0,1,1,1,1,1,1,1,1,1,1,1,1,0,1,1,1,1,1,1,1,1,1,0,1,1,1,1,1,0
1,1,0,1,1,1,1,0,1,1,1,1,0,1,1,0,1,1,0,1,a4,1,0,2,0,2,2,0,0,2,0,0,2,0,2,1,1,1,2,2,b4,0,0,2,0,2,2,1,1,1,0,2,1,1,1,1,1,0,0,0,1,1,1,1,1,1,0,1,1,1,1,1,0,1,1,1,1,1,1,1,1,1,0,1,1,1,1,1,1,1,0,0,0,0,1,1,0,1,1,1,0,1,1,1,0,1,1,1,1,1,1,1,1,1,0,1,0,1,1,0,1,0,0,1,0,1,1,0,1,1,1,0,1,0,0,1,1,1,1,1,1,1,1,1,1,1,1,1,0,1,1,0,1,1,0,1,1,1,1,1
1,1,1,1,1,1,1,1,1,1,1,1,1,1,1,1,1,1,1,1,a4,0,2,1,1,1,2,1,1,2,1,1,2,0,2,2,1,1,1,1,b4,1,2,0,1,2,1,2,1,2,0,2,2,1,0,1,1,1,1,1,0,0,1,1,1,1,1,0,1,1,1,0,1,0,0,1,1,0,1,0,0,0,0,1,1,1,1,1,1,1,0,1,1,1,1,1,1,1,0,0,1,1,1,1,1,1,1,1,0,1,1,1,1,1,1,1,0,1,1,0,1,1,1,1,1,0,1,1,1,1,1,1,1,1,1,1,1,1,1,1,1,1,1,1,1,1,0,1,1,1,1,1,1,1,1,1,1,1,1,0
1,1,1,1,1,1,1,0,0,1,1,1,1,1,0,1,0,1,1,1,a4,1,2,0,0,2,1,1,1,1,1,1,2,2,2,0,1,0,1,2,b4,1,2,1,1,2,2,1,2,1,1,1,2,1,1,1,1,1,1,1,1,1,1,1,0,1,1,1,1,1,1,1,0,0,0,1,1,1,1,1,0,1,1,1,1,0,1,1,1,0,1,1,1,0,1,0,0,1,1,0,0,1,1,0,1,1,0,1,1,1,1,1,1,1,1,1,1,1,1,1,1,1,1,1,1,1,1,1,1,1,1,1,1,1,1,1,1,1,1,1,1,1,1,1,1,1,1,0,1,1,1,1,1,1,0,1,1,0,1,0
a4,a4,a4,a4,a4,a4,a4,a4,a4,a4,a4,a4,a4,a4,a4,a4,a4,a4,a4,a4,a4,1,1,0,1,2,2,2,1,1,1,1,0,2,1,1,1,0,1,0,b4,b4,a4,b4,a4,b4,a4,a4,b4,a4,a4,a4,b4,a4,a4,a4,a4,a4,a4,a4,a4,a4,a4,a4,a4,a4,a4,a4,a4,a4,a4,a4,a4,a4,a4,a4,a4,a4,a4,a4,a4,a4,a4,a4,a4,a4,a4,a4,a4,a4,a4,a4,a4,a4,a4,a4,a4,a4,a4,a4,a4,a4,a4,a4,a4,a4,a4,a4,a4,a4,a4,a4,a4,a4,a4,a4,a4,a4,a4,a4,a4,a4,a4,a4,a4,a4,a4,a4,a4,a4,a4,a4,a4,a4,a4,a4,a4,a4,a4,a4,a4,a4,a4,a4,a4,a4,a4,a4,a4,a4,a4,a4,a4,a4,a4,a4,a4,a4,a4,a4
1,1,1,1,1,1,1,0,1,1,1,0,0,0,1,1,1,1,0,1,1,1,2,2,2,2,1,1,1,2,2,0,1,1,2,2,2,1,0,2,1,1,0,0,1,2,2,0,2,1,1,1,0,1,1,1,1,1,1,0,0,0,1,0,1,1,1,1,1,0,0,1,1,1,0,0,1,0,1,1,1,1,0,1,1,0,1,0,1,1,0,1,0,1,1,1,1,0,1,0,1,1,1,0,1,1,0,1,0,1,0,1,1,1,1,1,0,1,1,1,1,0,1,1,1,1,1,1,1,1,1,0,1,1,1,1,1,0,1,1,1,1,0,1,1,1,1,1,0,1,1,1,1,1,1,1,1,1,1,1
1,0,1,1,1,1,0,1,1,0,1,1,1,0,1,1,1,1,1,0,1,1,0,2,2,1,0,0,0,0,2,0,0,1,2,1,2,1,2,0,1,1,2,2,1,1,1,1,0,2,2,2,1,1,0,0,1,1,1,0,1,1,1,1,1,0,1,0,1,0,1,1,0,1,1,0,1,1,0,1,0,0,1,1,1,1,1,1,0,1,1,1,1,1,1,0,1,1,1,1,1,1,1,1,1,1,1,1,1,1,1,0,1,1,0,1,1,1,1,1,0,1,1,1,0,1,1,1,1,1,0,0,1,0,0,1,1,1,1,1,1,0,1,1,1,1,0,1,1,1,1,0,1,1,1,1,1,1,1,1
1,0,1,1,1,1,1,1,1,0,1,1,1,1,1,1,1,0,1,1,1,1,2,1,2,0,1,1,1,0,2,2,2,0,1,2,2,0,1,0,1,1,2,2,2,2,0,2,1,1,0,1,2,0,1,0,1,1,1,1,1,0,1,1,0,0,1,0,0,1,0,0,1,0,1,1,1,1,0,1,1,1,1,0,1,1,1,1,0,1,1,0,1,0,0,1,1,0,1,1,0,0,1,1,1,1,1,1,1,0,1,0,0,1,0,1,0,1,1,1,1,1,0,1,1,1,1,1,1,0,0,1,1,1,0,1,1,1,1,1,0,1,1,1,1,1,1,1,0,1,1,1,1,1,1,1,0,1,1,1
1,1,1,0,0,1,1,0,1,1,1,0,1,1,1,1,1,0,1,0,1,1,1,1,2,0,1,1,0,2,0,1,1,1,0,0,2,2,1,2,1,2,2,1,2,0,2,0,1,2,2,2,1,0,1,1,1,1,0,1,1,1,1,1,1,1,1,1,1,1,0,0,1,0,1,0,1,0,0,0,1,1,1,1,1,1,1,1,1,1,1,1,0,1,0,1,1,1,1,1,1,0,1,0,1,1,0,1,1,1,0,1,1,0,1,1,0,1,1,0,1,1,1,1,1,1,1,1,1,1,1,0,1,1,1,1,1,0,1,0,0,1,1,1,1,1,1,1,0,1,1,1,0,1,1,1,1,1,1,1
1,1,1,1,1,1,1,0,1,0,0,0,0,1,0,1,1,1,1,1,1,1,2,0,0,0,2,2,1,0,2,2,2,2,2,2,1,0,2,1,1,1,1,1,1,2,1,0,0,2,2,2,0,1,1,0,1,1,1,1,1,1,1,1,1,0,1,1,1,1,0,0,0,0,1,0,1,1,0,1,1,1,1,1,1,1,1,1,1,1,0,1,1,0,1,1,1,1,1,1,1,0,0,1,1,1,1,1,0,1,0,1,1,0,1,1,1,0,1,1,1,0,1,0,1,1,1,1,1,1,1,1,0,1,1,1,1,1,1,1,1,1,0,1,0,1,0,1,1,1,1,1,1,1,1,0,1,1,1,0
1,1,0,1,1,1,1,1,0,1,0,1,0,1,1,1,1,1,0,0,1,0,2,2,0,1,1,1,2,1,0,0,2,2,2,1,1,0,1,1,2,1,2,1,0,1,1,1,0,2,0,0,2,1,1,1,1,0,1,1,1,1,1,1,1,1,1,1,1,1,1,1,1,0,0,1,1,0,0,1,1,0,1,0,1,1,1,1,1,1,1,1,1,1,0,1,1,1,0,1,0,1,0,1,1,0,1,1,0,1,1,1,1,1,1,0,1,0,1,1,1,1,1,1,1,0,1,0,1,1,1,1,1,1,0,1,1,1,0,1,1,1,1,0,1,0,0,1,1,0,1,1,1,0,1,1,1,1,1,0
1,1,1,1,1,1,1,0,1,1,1,1,1,1,1,1,1,1,1,1,1,0,2,0,1,0,2,1,1,2,2,1,2,2,2,1,2,2,2,0,2,0,0,1,0,2,2,0,1,2,0,2,2,0,1,0,0,1,1,1,1,1,1,0,1,0,1,1,1,0,1,1,1,1,1,1,1,0,1,1,1,1,1,1,1,1,1,1,1,1,1,1,1,1,1,0,0,1,1,1,1,1,0,1,1,0,0,0,1,1,0,1,1,1,1,1,1,1,1,1,1,1,1,1,1,1,0,1,1,1,0,1,1,1,1,1,1,1,1,1,1,0,1,1,1,1,0,1,0,1,1,0,1,1,1,0,1,1,1,1
1,1,0,1,1,1,1,1,1,0,1,1,1,0,1,0,1,0,1,1,1,1,2,0,0,2,2,2,2,2,2,1,1,2,0,1,2,2,1,2,2,2,2,1,1,1,0,1,2,2,2,1,0,1,1,1,1,1,1,1,1,1,0,1,1,1,1,1,1,0,1,1,0,0,1,1,1,0,0,1,1,1,1,1,1,1,1,1,1,1,1,0,0,1,1,1,1,1,1,1,1,1,0,0,0,0,1,0,0,1,0,1,1,1,0,1,0,0,1,1,0,1,1,1,1,0,1,0,1,1,1,1,1,1,1,1,1,1,1,1,1,1,1,0,1,1,1,1,1,0,1,1,1,1,0,1,1,1,1,1
1,1,0,0,1,1,1,1,1,1,0,1,1,1,1,1,1,1,1,1,1,0,1,2,1,1,0,1,2,2,0,2,1,1,2,2,1,2,1,2,0,2,0,0,1,1,2,0,2,2,0,2,1,1,0,1,1,1,1,1,1,1,0,1,1,1,1,1,1,1,1,1,0,1,0,1,0,1,1,1,1,0,1,1,0,1,1,1,1,1,1,1,1,1,1,1,1,1,1,1,1,1,1,1,1,0,1,1,1,1,1,1,1,1,1,1,1,0,1,1,1,1,1,0,1,1,1,1,1,1,0,0,1,0,1,1,1,1,0,1,0,1,1,1,1,0,1,1,1,1,1,1,1,0,1,1,1,1,1,1
0,1,1,1,1,1,1,1,1,1,1,1,1,1,1,1,1,0,1,1,1,1,2,1,2,1,2,2,2,0,0,0,2,0,2,1,0,1,2,1,2,2,2,1,1,2,1,2,2,1,2,1,1,1,1,1,1,1,0,1,1,1,1,0,0,1,1,1,1,1,0,1,1,1,1,1,1,1,1,1,1,1,1,1,1,1,1,1,1,1,0,0,1,1,0,0,1,0,1,1,1,0,1,1,1,1,1,0,1,1,1,1,1,1,0,0,1,1,1,1,0,0,1,1,1,0,1,1,1,1,1,1,1,1,1,1,1,0,1,0,1,1,1,1,0,1,0,1,1,1,1,1,1,1,1,1,1,1,1,1
1,1,1,1,0,1,0,1,1,0,1,0,1,0,1,1,1,1,0,1,1,1,1,2,0,2,0,1,1,1,0,0,1,2,0,1,1,2,0,2,0,1,2,1,0,0,2,1,1,1,2,2,0,1,1,0,1,0,1,1,1,1,1,1,1,0,1,1,1,1,1,1,0,1,1,1,1,1,1,1,1,0,1,1,1,1,0,0,1,1,1,1,0,1,0,1,1,1,1,1,1,0,0,0,1,1,1,1,1,0,1,1,1,1,1,0,0,1,1,0,0,1,1,1,1,1,1,1,1,1,1,1,1,0,1,1,0,1,1,1,1,1,1,1,1,0,0,1,1,1,1,1,1,1,1,1,0,1,1,1
1,0,1,1,1,1,1,1,1,1,1,1,1,1,1,1,0,1,1,0,1,0,2,0,1,1,2,1,0,1,2,1,2,0,2,0,1,1,2,1,1,1,1,0,1,2,1,1,1,2,2,1,2,1,0,1,1,1,1,0,1,1,0,1,0,1,1,1,1,1,1,1,1,1,1,1,1,1,1,1,1,1,0,1,1,1,1,1,1,1,1,0,1,0,1,0,0,0,1,1,0,0,1,1,1,1,0,1,1,1,1,1,1,1,1,1,1,0,1,1,0,0,1,1,1,0,0,1,1,1,1,0,1,1,1,1,1,1,1,1,1,1,1,1,1,0,1,0,1,1,1,1,1,0,1,0,1,1,1,1
1,1,1,1,1,1,1,1,0,1,1,1,1,1,1,1,1,1,1,1,1,1,1,2,2,1,1,0,2,1,0,1,1,2,1,2,1,0,2,2,2,2,2,0,1,0,0,2,2,2,2,2,2,1,0,1,1,1,1,1,1,1,1,1,1,1,1,1,1,1,1,1,1,1,1,1,0,1,1,1,1,1,1,1,1,1,1,0,1,0,1,1,1,1,0,1,1,1,1,1,0,1,1,1,1,0,1,1,1,1,0,0,1,0,0,0,1,1,0,1,1,1,1,1,1,1,1,0,0,1,0,1,1,1,1,1,1,0,0,1,1,1,1,1,1,1,1,1,1,1,1,1,1,1,1,1,1,1,1,1
1,1,0,1,1,0,1,0,1,0,1,0,1,0,0,1,1,1,1,1,0,1,0,0,0,2,2,0,0,2,1,1,1,1,0,1,1,1,1,1,1,2,2,1,1,2,0,2,2,1,1,1,2,1,1,1,1,1,1,0,0,1,1,1,1,0,1,0,1,1,0,0,1,1,1,1,1,0,0,0,1,1,1,1,0,1,1,1,1,0,1,1,1,1,0,1,1,1,1,1,1,1,1,1,0,1,1,1,1,1,1,0,1,0,1,1,1,1,0,0,1,1,1,1,1,0,1,1,1,1,1,1,0,1,0,0,1,0,1,0,1,1,0,1,0,1,1,1,1,0,1,1,1,1,1,1,1,1,0,1
1,1,1,0,1,0,1,1,1,1,1,1,1,1,1,1,0,1,1,1,1,1,2,0,2,2,2,1,2,2,2,1,1,1,2,2,1,1,2,2,1,1,2,1,1,2,2,1,1,1,1,1,2,1,1,1,1,1,1,1,1,1,0,1,1,1,1,1,1,1,1,1,1,1,1,0,1,1,1,0,1,1,1,1,1,1,1,1,1,1,1,1,1,1,1,1,1,1,0,1,1,1,0,1,1,1,1,1,0,1,1,1,1,1,1,1,1,0,0,1,0,1,1,1,1,1,1,1,0,1,1,1,0,1,0,0,0,1,0,1,1,1,1,1,1,1,0,1,1,1,1,1,0,1,0,1,1,1,1,0
1,1,0,1,1,1,1,1,1,1,0,1,1,1,1,1,0,1,1,1,0,1,2,1,1,1,2,1,1,2,1,2,1,2,1,0,0,2,1,2,2,2,0,1,2,2,1,2,2,2,1,1,2,1,0,1,1,0,1,1,1,1,1,1,1,1,1,1,1,1,0,1,1,0,1,1,1,1,1,0,0,0,1,1,1,1,1,1,1,1,1,1,1,1,1,0,1,0,0,0,1,0,1,1,1,1,1,1,0,1,1,1,1,1,0,0,1,1,1,1,1,0,1,1,1,1,1,1,1,0,0,1,1,1,1,1,1,1,1,1,0,1,1,1,1,1,1,1,1,1,1,1,1,1,0,1,1,1,1,0
1,1,1,1,1,1,1,1,1,0,1,1,1,1,0,1,1,1,1,1,1,0,1,0,1,2,2,1,1,2,1,1,2,2,1,2,2,2,2,2,1,1,0,2,1,1,1,1,0,1,0,1,1,1,1,1,1,1,1,1,0,1,1,0,1,1,1,1,1,0,1,1,1,1,1,1,1,1,1,1,1,1,1,1,1,1,1,0,0,1,1,1,1,1,1,1,1,1,1,0,0,1,1,1,0,1,1,1,1,1,1,1,1,1,1,1,1,1,1,1,1,1,1,0,1,1,1,1,1,1,0,0,1,0,1,1,0,1,1,1,1,1,1,0,1,1,1,1,1,1,1,1,1,1,1,1,1,1,1,1
1,1,1,1,1,1,1,0,1,0,1,1,1,1,1,1,1,1,0,1,1,1,1,2,2,2,2,1,1,2,2,2,2,2,2,2,2,2,0,2,2,1,0,2,2,2,2,2,2,2,2,0,0,2,1,0,0,1,1,1,1,1,1,1,1,1,0,0,1,1,1,1,1,1,1,1,1,0,1,1,1,1,1,1,1,1,1,1,1,1,1,1,1,1,1,1,0,1,1,1,1,1,1,1,0,0,1,1,1,1,1,0,1,1,1,1,1,1,1,1,1,0,1,1,1,0,0,1,1,1,1,1,0,1,1,1,1,1,0,1,0,0,0,1,1,1,1,1,1,1,1,1,1,1,1,1,1,0,1,1
1,1,1,1,0,1,1,1,1,1,1,0,1,1,1,0,1,1,1,1,0,0,2,2,1,2,1,0,2,2,2,2,2,2,1,2,0,2,1,2,2,2,2,1,0,2,2,1,1,1,0,2,1,1,1,1,0,1,1,1,1,0,1,1,1,1,1,1,1,1,1,1,1,0,1,1,1,1,1,1,1,1,1,0,1,1,1,1,0,1,1,1,1,1,0,1,1,1,1,1,1,0,1,1,1,0,1,1,1,1,0,1,1,1,1,1,1,1,1,1,0,1,1,0,1,0,1,1,1,1,1,1,0,1,0,1,1,1,1,1,0,1,1,0,1,1,1,1,1,1,1,1,1,0,1,1,1,1,1,0
1,1,0,1,1,1,0,1,1,1,1,1,1,1,1,1,1,0,0,1,1,1,1,0,2,2,1,2,1,2,2,2,1,2,2,2,1,2,1,2,2,2,0,0,1,1,2,2,2,2,0,2,2,2,1,0,1,1,0,1,1,1,1,1,1,1,1,1,1,0,1,1,1,0,0,1,1,1,0,1,1,1,1,1,1,1,1,1,0,1,1,1,1,1,1,1,1,1,1,1,1,1,1,1,1,1,1,1,0,1,1,0,1,1,1,1,1,1,1,1,1,0,0,1,1,1,1,0,0,1,1,0,1,1,1,1,1,1,1,0,0,0,0,1,1,1,1,0,1,1,1,1,0,1,1,0,1,1,1,1
1,0,1,1,1,1,0,0,1,0,1,1,1,0,1,1,0,1,1,1,0,1,1,0,2,2,1,0,2,0,1,1,2,2,0,2,0,2,0,2,0,0,0,2,1,0,2,2,2,1,2,1,2,2,1,0,1,1,1,1,1,1,1,1,1,1,1,1,1,1,0,1,1,0,1,1,1,0,1,1,1,1,0,1,1,1,1,1,1,1,1,1,1,0,1,1,1,1,1,1,1,1,0,1,1,1,0,0,1,1,1,1,1,1,1,1,1,1,0,1,1,1,0,1,1,1,0,1,1,1,1,1,1,1,1,0,0,1,1,1,1,1,1,0,1,1,1,0,1,1,1,0,0,0,1,0,0,0,1,1
1,1,1,1,0,1,1,1,1,1,1,1,1,1,1,1,1,0,1,1,0,1,1,2,2,2,0,2,2,2,0,2,2,0,2,2,2,2,0,2,0,2,1,0,2,2,1,2,2,2,1,2,2,1,1,1,1,1,1,1,1,1,1,0,0,1,1,1,1,0,1,1,1,0,0,1,1,1,1,1,0,1,0,1,1,1,1,1,1,1,0,1,1,0,1,1,1,1,1,1,1,1,1,0,1,0,1,1,1,1,1,1,1,1,1,1,0,0,1,1,0,1,1,1,1,1,1,1,1,1,1,1,0,0,1,0,1,0,1,1,1,1,0,0,0,1,1,1,1,1,0,1,1,1,1,1,1,1,0,1
1,1,0,1,1,1,1,1,1,1,1,1,1,1,1,1,1,0,1,1,1,1,2,1,0,0,1,1,2,0,0,0,1,1,0,0,2,2,1,0,2,2,2,1,2,2,0,2,2,0,2,0,0,2,1,0,1,1,0,1,1,0,1,1,1,1,1,1,1,1,1,1,0,1,1,1,1,1,1,1,1,1,1,0,0,1,1,1,1,1,1,0,1,1,1,1,1,1,1,1,1,1,1,1,1,0,1,1,1,1,1,1,1,0,1,0,1,1,1,1,1,1,1,0,1,1,1,1,1,0,0,1,1,1,1,1,0,1,1,1,1,1,0,1,1,1,0,1,0,0,1,0,1,1,0,1,1,0,0,1
1,1,1,1,1,1,1,1,1,1,1,0,1,1,0,1,1,1,1,1,1,1,2,2,2,2,2,0,2,2,0,1,2,2,1,2,2,2,2,2,2,1,2,0,0,1,0,2,2,2,1,2,2,2,0,1,1,1,1,0,1,1,1,1,0,1,1,1,1,1,0,1,1,1,0,1,1,1,1,1,1,1,1,1,1,1,1,0,1,1,1,1,1,1,1,1,1,1,0,1,1,1,1,1,1,1,1,0,1,1,0,1,1,1,0,0,0,1,0,1,1,0,1,1,1,1,1,1,1,1,1,1,1,1,1,0,1,1,0,1,1,1,1,1,1,1,1,1,1,1,1,1,1,1,1,0,1,0,1,1
1,1,0,1,1,1,1,0,0,0,1,1,1,1,1,1,1,1,1,0,1,1,0,1,0,0,1,2,1,2,0,0,2,0,2,1,0,2,2,1,2,2,0,0,0,2,2,2,1,1,2,2,0,2,1,1,1,1,1,1,0,1,1,1,1,1,1,1,1,1,1,1,1,1,0,0,0,1,1,1,1,1,0,0,0,0,1,1,1,1,1,1,1,1,1,1,0,1,1,1,1,1,1,1,0,1,1,1,1,0,1,1,1,0,1,1,1,1,0,1,1,1,1,1,1,1,1,0,1,1,1,1,0,1,1,0,0,1,1,1,1,1,1,1,0,1,0,1,1,0,1,1,1,1,1,1,0,1,1,1
0,1,1,1,1,1,1,1,1,1,1,1,1,1,0,1,1,1,1,1,1,1,1,2,2,2,2,0,2,2,1,2,0,2,2,2,0,2,2,2,0,2,0,2,0,1,2,2,1,2,2,2,2,0,1,0,1,1,1,0,1,0,1,1,1,1,1,1,1,1,1,0,1,1,1,1,0,1,1,1,1,1,1,1,1,1,0,1,1,1,0,1,1,1,0,1,1,0,0,1,1,1,1,1,1,0,1,1,1,0,1,1,1,0,1,0,1,0,1,0,1,0,1,1,1,0,1,1,1,1,0,1,1,1,1,1,1,1,1,1,1,0,1,1,1,0,1,1,0,1,1,1,1,0,0,1,1,0,0,0
1,1,1,0,1,0,1,1,1,1,1,0,1,0,0,1,1,1,1,1,1,1,1,2,2,2,2,0,1,1,1,2,1,1,2,1,1,2,2,2,0,0,1,2,2,2,1,2,2,2,2,2,2,2,1,1,0,1,1,1,1,1,1,1,1,0,0,0,1,1,0,1,0,0,1,1,0,1,1,1,0,1,0,1,1,1,1,1,1,1,1,1,1,1,1,1,1,0,1,0,1,1,1,1,1,0,1,1,0,1,1,1,1,1,1,1,1,1,0,1,1,1,0,1,0,0,1,1,1,0,0,0,1,1,0,1,0,1,1,1,1,1,0,0,0,0,1,1,1,1,1,1,1,1,1,1,1,1,1,1
1,1,1,0,1,1,1,1,1,0,0,0,1,1,1,1,0,1,1,1,1,1,0,2,0,1,1,1,1,2,1,1,0,2,1,2,0,1,2,0,1,1,0,1,1,1,2,2,1,1,1,1,1,1,1,1,1,1,1,1,0,1,1,1,1,0,1,1,0,1,1,1,1,1,0,1,0,0,1,1,1,1,1,1,1,1,1,0,1,1,1,1,1,1,1,0,1,1,1,1,1,1,1,1,1,1,0,0,1,0,1,1,1,1,0,0,0,0,1,1,1,1,1,1,1,1,1,1,0,1,1,1,0,1,0,1,1,1,1,1,1,1,1,0,1,1,1,0,1,1,1,1,1,1,1,1,1,1,1,1
1,1,1,0,1,1,1,1,1,0,1,1,1,1,1,1,1,1,1,1,0,1,0,0,1,0,2,2,2,1,2,1,2,1,1,1,1,1,0,0,2,1,2,2,0,2,1,2,1,0,1,2,1,1,1,0,1,0,1,1,1,1,1,1,1,1,1,0,0,1,1,1,1,1,1,0,1,1,0,0,1,1,1,1,0,1,1,1,0,0,0,1,0,1,1,0,1,1,1,1,1,1,1,1,1,1,1,1,1,1,1,0,1,1,1,1,1,0,1,1,0,1,1,1,1,1,1,1,1,1,1,1,0,1,1,1,1,0,0,1,1,1,1,1,1,1,1,0,1,1,1,1,0,1,1,1,1,1,0,1
a3,a3,a3,a3,a3,a3,a3,a3,a3,a3,a3,a3,a3,a3,a3,a3,a3,a3,a3,a3,a3,a3,a3,a3,b3,a3,a3,a3,b3,a3,b3,a3,a3,b3,b3,b3,b3,b3,b3,a3,b3,b3,b3,b3,b3,a3,b3,b3,b3,b3,b3,a3,a3,a3,a3,a3,a3,a3,a3,a3,1,0,1,1,0,1,0,0,0,0,0,1,1,1,1,0,1,1,0,1,1,1,1,1,0,0,1,1,1,1,0,1,1,0,1,1,0,0,1,1,1,1,1,1,1,1,1,1,1,1,1,1,1,1,1,0,1,0,1,0,1,1,1,1,1,1,1,1,1,1,0,1,1,1,1,1,1,1,1,1,1,0,1,0,1,1,1,0,1,1,0,1,1,1,1,1,1,1,1,1
0,1,1,1,1,1,1,1,0,1,0,1,1,1,0,1,1,1,1,1,0,1,1,0,0,2,0,0,0,0,1,1,2,1,1,2,2,1,1,1,0,1,0,1,1,1,0,2,0,2,2,1,1,2,1,1,1,1,1,a3,1,0,1,1,0,1,1,1,1,0,1,1,1,1,1,1,1,1,1,1,1,1,1,1,1,1,0,0,1,1,1,1,1,1,1,1,1,1,1,0,1,1,1,1,1,1,1,1,0,1,1,1,1,1,0,1,1,1,0,1,1,1,1,1,1,0,1,1,1,1,1,1,1,1,1,1,1,1,1,1,1,1,1,1,1,0,1,1,1,1,1,0,1,1,1,1,1,1,1,1
0,1,1,1,1,1,1,0,1,1,1,1,1,0,1,0,1,1,1,1,1,0,1,2,2,2,2,1,2,2,0,0,2,2,1,1,1,1,2,1,1,0,2,0,2,2,2,1,1,2,2,2,0,0,1,0,1,1,1,a3,1,1,0,1,1,1,1,1,1,0,1,1,0,1,1,1,1,1,1,1,1,1,1,1,1,0,0,1,1,1,1,1,0,1,1,1,0,1,1,1,1,1,0,1,0,0,1,0,1,1,1,1,1,1,1,1,1,1,1,1,1,1,1,1,1,1,1,1,0,1,1,1,1,1,1,2,2,2,1,0,2,1,1,1,1,2,2,1,1,0,2,1,2,2,1,0,0,1,1,2
1,0,1,1,1,1,1,1,0,1,1,1,1,0,0,1,1,1,0,1,1,1,1,1,1,2,0,1,2,2,2,0,1,1,2,1,2,2,2,1,0,0,2,1,2,2,1,0,2,1,2,2,1,0,1,1,1,0,1,a3,1,1,1,0,1,1,1,0,1,1,1,1,1,1,1,1,1,1,1,1,0,1,1,1,1,0,1,1,1,1,1,1,1,1,0,1,1,1,1,1,1,1,1,1,1,1,1,1,1,0,1,0,1,1,1,1,1,1,1,1,1,1,1,1,1,1,1,1,1,1,1,1,1,0,0,0,0,0,2,1,0,1,1,2,2,0,1,1,2,0,2,0,2,1,0,0,1,2,2,2
1,0,0,1,0,0,1,1,1,1,1,1,1,0,1,1,1,0,1,1,0,1,1,2,1,2,2,0,2,1,1,2,1,0,1,2,2,1,0,2,2,1,1,2,0,2,2,0,2,2,2,0,1,1,1,1,1,1,1,a3,1,1,1,1,1,1,1,1,1,1,1,0,1,1,0,1,0,1,1,1,1,0,1,1,1,1,1,0,1,1,1,1,1,1,0,1,1,0,1,1,0,1,1,1,0,1,1,1,1,1,1,1,0,0,1,1,1,1,1,1,1,1,1,1,1,0,1,0,1,0,1,1,1,1,1,2,1,1,1,1,2,0,0,2,2,1,2,0,2,2,2,2,2,2,2,2,1,2,1,2
1,0,1,1,1,1,1,0,1,0,0,1,1,0,1,1,1,1,1,1,1,1,0,0,0,1,1,0,2,1,1,0,2,2,1,1,1,1,0,1,1,0,1,1,2,1,2,0,0,2,2,1,2,1,1,1,0,1,1,a3,1,1,1,1,1,1,1,0,1,1,1,0,0,0,1,1,1,0,1,1,1,1,1,1,1,1,1,1,1,0,1,1,0,1,0,1,0,0,1,1,1,1,1,1,1,0,1,1,1,1,1,1,0,1,1,1,1,1,0,0,1,0,1,0,1,0,1,1,1,1,1,1,1,1,1,1,2,0,2,1,1,2,2,0,0,1,1,1,1,1,0,0,0,1,0,1,2,0,1,0
1,1,1,1,1,1,1,1,1,1,1,1,1,1,1,1,1,1,1,1,0,1,0,0,2,1,2,2,2,2,1,0,1,1,1,1,0,2,2,2,1,0,1,1,2,2,0,2,1,2,2,0,1,1,1,1,1,1,1,a3,0,1,1,1,1,1,1,1,1,1,1,1,1,1,1,1,1,1,1,0,1,1,1,1,1,0,0,1,0,1,1,0,1,1,0,1,0,1,1,1,0,1,1,1,0,1,0,1,1,1,1,1,1,1,1,1,1,1,1,1,1,0,1,0,1,1,1,0,1,1,1,1,1,1,0,1,1,1,0,0,2,0,1,1,2,2,2,0,0,0,2,2,1,0,1,2,2,1,2,2
1,1,0,1,0,1,1,1,1,1,1,0,0,1,1,1,1,1,1,1,0,0,1,2,1,1,1,0,1,0,1,2,2,2,2,2,1,1,1,1,1,1,1,1,2,1,1,0,2,2,0,1,1,1,1,1,1,1,0,a3,0,1,1,0,0,1,1,0,1,1,0,1,1,1,1,1,1,1,1,1,0,1,1,1,1,1,1,0,1,1,1,1,0,1,1,1,1,1,0,1,1,1,1,1,1,1,1,1,1,1,1,1,1,1,0,1,1,0,1,0,1,2,1,2,0,1,2,0,2,2,1,1,2,2,0,2,2,2,0,1,2,2,2,2,0,1,2,2,2,1,2,2,0,2,1,1,0,2,2,2
1,1,1,1,1,0,1,1,1,1,1,1,1,1,1,1,1,1,1,1,1,1,1,1,0,1,2,1,0,1,0,1,0,1,1,0,2,0,1,1,1,0,0,2,2,1,1,1,2,1,2,2,2,0,1,1,0,1,1,a3,0,0,1,1,0,1,1,1,1,1,1,1,1,1,1,1,0,1,1,1,1,1,1,1,0,1,1,0,0,0,1,1,1,1,1,1,1,1,1,1,1,1,1,1,1,1,1,1,1,1,1,0,0,1,1,1,1,1,1,0,0,0,1,1,1,1,1,0,2,1,2,2,0,1,2,1,2,0,1,2,2,2,2,0,2,0,2,2,0,2,1,1,2,0,0,0,2,0,2,0
1,1,0,1,1,0,1,1,1,1,0,1,1,1,1,1,1,1,1,1,0,1,1,2,2,0,0,1,0,1,1,1,0,0,2,1,0,2,2,2,1,1,1,0,0,1,0,1,2,1,2,0,0,1,0,1,1,1,1,a3,0,0,0,1,1,0,1,1,1,1,0,1,1,0,1,1,0,1,1,1,1,1,0,1,1,1,1,1,1,1,1,1,0,0,1,1,1,0,1,1,0,1,1,0,1,1,1,1,1,1,0,0,1,1,1,0,1,2,1,0,2,0,2,1,2,1,2,1,1,1,2,1,2,1,1,0,2,2,2,2,2,2,2,2,2,1,2,2,0,2,2,1,1,2,2,2,2,0,2,1
1,1,1,1,1,1,1,1,1,0,1,1,1,1,1,1,1,0,1,1,1,1,1,2,2,0,1,1,2,2,1,1,1,2,1,1,0,1,1,2,1,1,2,0,1,2,2,2,1,1,1,0,1,1,0,1,1,1,0,a3,1,0,1,1,1,1,1,1,1,1,0,1,1,1,1,0,1,1,1,1,1,1,0,1,1,1,1,1,0,1,1,1,0,0,1,0,1,1,0,0,1,1,1,1,0,1,1,1,1,1,0,1,1,1,1,0,1,1,2,1,2,2,2,2,1,2,1,1,2,2,0,2,2,2,1,2,2,2,0,2,2,2,2,0,2,2,2,2,1,0,0,2,2,2,1,2,2,1,1,2
1,1,1,1,0,1,1,1,1,0,0,1,1,1,1,1,1,1,1,1,1,1,1,1,1,2,1,2,2,1,2,1,1,2,1,0,1,1,1,0,2,2,2,2,2,1,1,2,1,1,2,2,2,1,1,0,1,0,1,a3,1,1,1,1,1,1,1,0,1,1,1,1,1,1,1,1,1,0,0,1,1,1,1,1,1,1,1,0,0,1,1,1,1,1,1,1,1,1,1,0,1,1,1,1,0,1,1,1,1,1,1,1,1,1,1,1,1,1,1,1,2,2,2,1,2,2,1,1,0,1,1,1,2,1,0,2,2,2,2,2,2,2,2,2,2,2,2,2,2,2,2,1,1,0,2,0,2,2,2,1
1,1,1,1,1,1,0,1,1,1,1,1,1,1,1,1,1,1,0,1,0,1,1,1,2,2,2,2,2,2,2,2,1,2,2,2,0,2,2,1,2,1,1,0,2,0,0,2,1,2,0,2,2,1,1,1,1,1,1,a3,1,1,1,1,0,1,1,1,1,1,0,1,0,1,1,0,0,1,1,1,1,0,1,0,1,1,1,1,1,0,1,1,1,1,1,1,1,1,1,1,0,1,0,1,1,0,0,0,1,0,1,1,1,1,1,0,1,2,1,0,1,1,2,1,1,2,1,2,1,2,2,2,2,2,2,2,0,2,0,2,2,2,1,2,2,2,2,0,1,2,2,2,0,2,0,1,2,2,2,2
0,1,1,1,0,1,0,1,1,1,1,0,0,1,1,1,0,1,1,1,1,1,0,2,2,2,1,2,2,2,2,2,2,1,0,1,2,1,1,0,2,0,1,0,0,2,1,1,1,1,0,1,0,0,1,0,1,1,1,a3,1,1,1,1,0,1,1,1,1,1,1,1,1,1,1,0,0,0,0,1,0,1,1,1,1,1,0,0,0,1,1,1,1,1,1,1,1,1,1,1,1,1,1,1,1,1,0,1,0,1,1,0,1,1,1,1,1,1,1,1,1,0,1,1,1,2,1,2,1,1,2,0,0,2,2,2,1,2,2,0,2,0,2,2,2,2,2,2,2,2,1,0,0,0,0,0,2,2,2,0
1,1,1,1,1,1,1,1,0,1,1,0,1,1,1,0,1,1,0,1,1,1,1,2,1,0,0,1,1,0,1,0,1,1,1,0,0,1,0,1,0,0,1,1,2,0,2,2,1,2,2,1,1,1,1,1,1,1,0,a3,0,1,1,1,1,0,1,0,1,1,1,0,1,1,1,0,1,1,1,1,1,1,1,1,1,0,1,0,1,1,1,1,0,1,1,1,1,1,1,1,0,1,1,1,1,1,1,1,0,1,0,1,1,1,1,1,1,2,2,2,1,2,1,2,1,1,2,1,2,1,1,1,0,0,1,2,0,2,2,2,2,2,2,1,2,2,2,2,2,2,2,2,2,2,2,1,2,0,2,0
1,1,1,1,0,1,1,0,1,1,1,1,0,1,0,1,1,1,0,0,0,1,1,0,2,2,2,2,0,2,1,0,1,1,0,2,0,1,1,2,2,2,2,2,0,2,1,0,2,2,2,2,1,2,1,1,1,1,1,a3,1,0,1,1,1,1,1,0,1,1,0,1,1,1,1,1,0,1,1,1,1,1,1,1,0,1,1,0,1,1,1,0,1,1,1,0,0,1,1,1,0,0,1,1,1,0,1,1,1,1,1,1,1,0,1,1,0,1,0,1,2,0,2,2,1,2,1,1,1,0,0,1,1,1,1,0,2,2,2,0,2,2,2,2,2,2,0,2,1,2,2,1,1,1,2,0,0,1,2,2
1,1,1,1,1,1,1,1,0,1,1,1,1,1,1,1,1,1,1,0,0,1,1,2,1,2,0,0,2,2,2,2,0,2,1,2,2,2,2,2,1,0,0,2,2,1,1,0,1,0,2,1,0,1,1,1,1,0,0,a3,1,1,0,1,1,0,1,1,1,1,0,1,0,1,1,0,0,0,0,1,1,1,0,1,1,0,1,1,0,1,1,1,1,1,1,0,0,0,1,1,1,1,1,0,1,1,1,1,0,1,1,1,1,1,0,1,1,2,1,2,1,2,1,2,1,2,2,1,2,2,2,1,2,1,1,2,2,2,2,2,2,2,0,2,1,0,2,2,0,0,1,1,0,0,0,2,2,0,1,1
1,1,1,0,1,1,1,0,1,1,1,1,1,1,1,1,1,1,1,1,1,1,1,0,2,1,2,2,2,0,0,2,2,0,2,1,1,2,2,2,0,1,2,2,1,2,2,1,2,2,1,0,0,2,1,1,0,1,1,a3,0,1,1,1,1,1,1,1,0,1,1,0,1,1,1,1,1,1,1,0,1,1,1,0,1,1,1,1,1,1,1,1,1,1,0,1,1,0,1,1,1,0,1,1,1,1,1,0,1,1,1,1,1,1,1,1,1,1,1,2,1,1,2,1,2,1,2,1,0,2,2,1,1,2,2,2,1,2,1,2,2,0,2,0,1,2,2,1,2,2,0,2,1,2,2,1,0,1,0,1
0,1,1,1,0,1,1,1,1,0,1,1,0,0,1,1,1,1,1,1,0,1,1,2,1,2,1,1,1,0,1,1,1,1,2,1,2,0,0,0,2,1,2,1,1,2,2,1,0,0,1,1,0,2,0,1,0,1,1,a3,1,0,1,0,1,1,0,1,1,1,1,1,1,1,0,1,1,1,1,1,1,0,1,1,1,1,0,1,1,1,0,1,1,1,1,1,1,1,1,1,1,1,1,0,1,1,1,1,1,1,1,1,1,1,0,1,1,1,1,2,0,0,2,2,2,1,2,2,1,1,2,1,2,0,0,2,2,2,2,1,2,0,2,2,1,2,2,2,0,2,2,2,0,2,2,2,2,0,2,2
1,0,1,0,1,0,0,1,1,0,1,1,1,1,1,1,1,0,1,1,1,1,1,0,1,1,1,0,0,1,1,1,1,1,1,1,0,0,1,1,0,0,0,1,1,1,1,0,1,0,1,1,1,0,0,1,1,0,1,a3,1,0,1,1,1,1,1,0,1,1,1,1,1,1,0,1,0,1,1,1,0,1,1,1,1,1,1,1,1,1,0,1,1,0,1,1,1,1,1,1,0,0,1,1,1,1,1,0,1,1,1,1,1,1,1,0,0,2,0,2,1,0,0,1,1,2,0,1,0,0,2,0,1,1,2,2,2,0,2,2,2,2,2,2,0,0,1,2,0,2,2,1,2,0,2,2,2,2,2,0
1,1,1,0,0,1,1,1,1,1,1,1,1,1,0,1,1,1,1,1,1,1,1,1,1,1,1,1,1,1,0,0,0,1,1,1,1,1,1,1,1,1,0,0,1,1,1,1,1,1,1,1,1,0,0,0,1,0,1,a3,1,1,1,1,0,0,1,1,1,0,0,1,1,1,0,1,1,0,1,1,1,0,1,1,1,0,0,1,1,0,1,1,0,1,1,1,1,1,1,a1,a1,a1,a1,a1,a1,a1,a1,a1,a1,a1,a1,a1,a1,a1,a1,a1,a1,a1,a1,a1,b1,a1,a1,a1,a1,a1,b1,b1,b1,a1,b1,a1,b1,b1,a1,a1,b1,b1,a1,b1,2,0,0,2,0,2,0,2,1,2,2,0,2,1,0,2,1,2,2,2
0,1,0,0,1,1,1,1,1,0,1,0,1,1,1,0,1,1,1,0,1,1,1,0,0,1,1,1,1,1,1,1,0,1,1,0,1,1,1,1,1,1,1,1,1,1,1,1,1,1,1,1,1,0,1,0,1,1,0,a3,0,0,1,1,1,1,1,1,1,0,1,1,1,0,1,1,1,0,1,1,1,1,1,1,1,1,1,0,1,0,1,1,0,1,1,1,1,1,1,a1,1,1,1,1,1,1,0,1,1,1,1,0,1,1,1,0,1,2,0,1,1,1,1,1,0,2,1,1,1,2,1,2,2,0,0,2,2,2,2,a1,2,1,0,2,2,0,0,2,2,0,1,2,0,2,2,1,2,0,2,2
1,0,1,1,1,0,1,1,1,1,1,0,1,1,1,1,1,1,1,1,0,0,1,0,1,1,1,1,1,1,0,1,0,1,1,1,1,1,1,1,1,1,1,1,1,1,1,0,1,1,0,1,1,0,1,1,1,0,1,a3,1,1,1,1,1,0,1,0,1,0,0,1,1,1,1,1,1,1,1,1,1,1,1,1,1,1,1,0,1,1,0,0,1,1,1,1,0,1,1,a1,1,1,1,1,1,1,1,0,1,1,1,1,0,1,1,1,1,2,0,2,2,2,1,2,1,2,0,1,1,2,1,2,2,1,1,1,2,0,2,b1,2,2,2,1,2,2,2,2,2,2,0,2,2,2,0,0,0,2,2,2
1,0,1,1,1,0,1,1,1,1,1,1,0,1,1,1,1,1,1,1,1,0,1,0,0,1,1,1,1,1,1,1,0,1,0,1,0,1,0,1,1,1,1,1,0,1,1,1,0,0,1,1,0,1,1,1,0,1,1,a3,1,0,1,1,1,1,0,1,1,1,1,1,0,0,1,1,0,1,1,0,1,1,1,1,1,1,1,1,1,1,0,1,0,1,1,0,0,0,1,a1,1,1,1,1,1,1,1,1,1,1,1,1,1,1,1,1,1,1,2,2,0,0,1,2,1,0,1,1,0,1,2,2,2,2,2,0,2,2,2,b1,2,2,1,2,2,0,1,1,2,2,2,2,2,1,1,2,0,2,2,1
0,1,0,1,1,1,1,0,1,1,1,1,0,1,1,1,1,1,1,1,1,0,1,1,1,1,0,0,1,1,1,1,0,1,1,0,1,1,1,1,1,1,1,1,1,1,1,1,1,1,0,0,1,1,1,0,1,0,0,a3,0,1,1,1,1,1,0,1,1,1,1,1,0,1,1,1,1,1,1,1,0,1,1,1,1,1,1,1,1,0,1,1,0,1,1,1,1,1,1,a1,1,1,1,1,1,1,1,1,1,1,0,0,1,1,1,1,1,2,1,0,0,1,2,0,1,2,0,1,2,0,0,1,1,2,2,2,2,2,0,b1,2,0,2,2,2,0,2,0,2,2,2,2,0,2,1,0,2,2,2,2
1,1,1,1,1,1,1,1,0,1,0,1,1,1,1,0,1,1,1,1,0,1,1,1,1,1,0,1,1,1,1,1,0,1,0,1,1,1,1,1,1,0,1,0,1,1,0,1,0,1,1,1,1,1,1,1,1,1,1,a3,1,0,0,0,1,1,1,1,1,1,1,1,1,1,1,0,1,1,1,0,0,0,1,1,1,1,1,1,1,1,0,1,1,1,1,0,1,0,1,a1,1,1,1,1,1,0,1,0,0,1,1,0,1,1,1,1,0,1,1,2,2,1,0,1,0,2,1,2,2,1,2,2,0,2,1,2,2,2,0,b1,2,2,2,1,2,2,1,2,0,1,1,2,2,1,2,0,2,0,0,0
1,0,1,1,0,1,1,0,2,2,0,1,2,1,0,1,2,2,1,1,1,1,1,0,2,2,1,2,1,1,2,0,1,1,1,2,2,2,0,1,0,1,1,1,1,1,1,0,1,1,0,1,1,1,1,1,1,0,1,a3,1,0,1,1,1,1,0,1,1,1,1,1,1,1,1,0,1,0,1,0,1,1,1,1,1,1,1,1,1,1,1,1,1,1,1,1,1,1,1,a1,1,1,1,1,0,0,1,1,1,1,1,0,1,0,1,1,1,1,1,2,1,2,1,0,2,2,2,2,0,1,2,0,2,0,0,1,2,2,2,b1,2,0,2,0,2,2,1,2,2,0,2,2,2,2,1,2,0,0,2,2
1,0,1,1,1,1,1,1,1,2,0,1,1,0,0,1,1,2,2,2,1,0,1,1,1,1,1,1,2,2,0,2,1,0,2,1,0,2,1,1,0,1,0,1,0,1,1,0,1,1,1,1,1,1,0,1,1,1,1,a3,1,1,1,1,0,1,0,0,1,1,1,1,1,0,0,1,0,1,1,1,1,1,1,1,1,0,1,0,1,0,1,0,1,1,1,0,1,1,1,a1,1,1,1,1,1,1,0,0,0,1,1,1,1,1,1,1,1,2,2,0,1,1,2,1,2,0,2,1,1,2,1,2,0,0,2,1,2,2,2,b1,2,2,2,2,0,2,2,2,2,2,1,0,2,2,2,1,2,2,1,2
1,1,0,1,1,1,1,1,1,2,1,2,1,2,0,2,1,0,2,1,0,1,2,1,2,1,1,2,1,2,1,0,1,0,1,1,0,2,0,1,1,0,1,0,1,1,1,1,0,1,1,1,1,1,1,1,0,1,1,a3,1,1,1,1,1,1,1,1,0,0,0,1,1,1,0,0,1,1,0,1,1,1,1,1,1,1,1,1,1,1,1,1,1,0,1,1,1,1,0,a1,1,1,0,1,1,1,1,1,1,1,0,0,1,1,0,1,1,0,0,1,1,2,2,2,2,1,1,0,1,1,0,2,2,2,2,1,2,0,2,b1,0,0,2,2,2,2,2,2,0,0,2,2,1,2,1,2,2,2,2,2
0,1,1,1,1,0,1,2,1,1,1,1,0,0,0,0,1,0,2,1,2,1,1,1,2,1,0,0,1,2,2,2,0,2,2,1,1,2,1,0,0,1,0,1,1,1,0,1,1,1,1,0,0,1,1,1,1,1,1,a3,1,1,0,1,1,1,1,1,1,0,1,0,1,1,1,1,1,1,1,1,1,1,1,1,1,1,0,1,1,0,1,1,1,1,1,1,1,0,1,a1,1,1,0,1,0,0,1,0,0,1,1,1,1,1,1,1,1,2,2,2,1,1,1,1,2,2,1,1,2,0,2,2,0,0,2,2,2,2,2,b1,2,0,2,2,2,2,2,0,2,2,1,0,2,2,1,2,2,2,0,2
1,1,1,1,1,1,1,1,0,1,1,2,2,1,1,1,2,2,0,1,1,2,1,2,2,2,2,1,1,1,1,1,2,1,1,0,2,1,0,1,0,1,1,1,1,1,1,1,1,1,1,0,1,1,1,1,1,1,1,a3,1,0,1,1,1,0,1,1,1,1,0,0,1,1,0,1,1,0,1,1,1,1,0,1,0,1,1,1,1,1,1,1,0,0,1,1,0,1,0,a1,0,1,1,1,1,1,1,0,0,1,0,1,1,0,1,1,1,0,1,0,1,1,2,1,2,0,1,1,2,1,1,1,0,2,1,0,2,2,2,a1,2,2,0,2,2,0,2,2,2,2,2,2,1,2,2,0,0,2,2,0
1,1,0,1,1,1,1,2,0,2,1,1,1,1,1,2,0,1,2,2,2,0,0,2,0,2,0,1,1,1,0,1,2,2,2,2,1,0,1,1,0,1,1,0,1,1,1,1,1,1,1,0,1,1,0,0,0,1,1,a3,1,1,0,0,0,1,0,0,1,1,1,0,0,1,1,1,1,1,1,1,0,0,1,1,1,1,1,1,1,0,1,1,0,1,1,1,1,1,1,a1,0,1,1,0,1,1,1,1,1,1,1,1,1,1,1,0,1,2,2,2,1,1,2,1,2,1,2,2,2,2,0,2,2,2,0,2,2,2,0,b1,2,2,2,2,0,2,2,2,1,2,2,0,1,0,2,0,2,1,0,2
1,1,1,1,1,1,0,2,0,2,0,0,1,1,0,1,0,1,2,1,2,2,1,0,1,2,1,1,0,1,2,2,2,2,1,1,2,0,0,1,1,1,1,0,1,1,1,0,0,0,1,1,1,1,1,1,1,1,1,a3,1,1,1,1,1,1,1,1,1,0,1,1,0,1,1,1,1,1,1,1,1,0,0,1,0,1,1,1,0,0,0,1,1,1,1,1,1,1,1,a1,1,1,1,1,0,1,1,1,0,1,1,0,1,1,0,1,1,2,2,2,2,2,0,2,0,1,1,2,0,0,1,1,1,1,2,2,2,0,2,b1,2,2,2,2,2,2,0,2,1,0,0,2,0,2,2,2,2,2,2,2
1,1,0,1,0,1,1,0,0,2,1,0,2,2,1,2,2,1,2,0,2,1,1,1,1,0,2,2,1,2,2,0,1,1,0,1,2,1,1,1,1,1,1,1,1,1,1,0,1,0,1,1,1,0,0,1,1,1,0,a3,0,0,1,1,1,1,1,0,1,1,1,0,1,1,1,1,1,1,0,1,1,0,1,1,1,1,0,1,1,1,1,1,1,1,1,0,1,0,1,a1,1,1,1,0,1,1,1,1,0,1,1,1,0,1,1,1,1,1,2,2,0,1,1,1,1,1,2,2,2,2,0,2,2,2,2,1,2,2,2,b1,2,2,2,0,2,0,1,0,2,2,0,0,0,2,2,0,1,2,0,2
1,1,1,1,1,1,1,1,1,1,1,0,2,1,1,2,2,0,1,2,0,2,2,2,0,2,2,0,1,1,2,1,1,1,2,1,1,2,1,1,1,1,1,1,1,1,1,0,0,1,1,1,1,1,1,1,1,1,0,a3,1,0,1,1,1,1,1,1,1,1,1,0,1,1,1,1,1,1,1,0,1,1,1,1,1,1,0,1,1,1,1,1,1,1,1,0,1,1,1,a1,1,1,0,1,1,1,0,1,1,1,1,1,1,1,1,1,0,1,1,2,1,1,1,2,2,2,1,0,1,1,1,1,2,2,2,1,0,1,1,a1,2,0,0,2,2,2,0,2,2,1,1,0,2,0,1,2,1,2,1,2
1,1,1,0,1,1,1,0,1,2,2,0,0,2,2,0,2,0,2,2,0,2,1,0,0,1,2,1,0,0,1,2,1,1,0,0,1,0,1,1,0,0,0,1,1,1,1,1,1,1,1,1,1,0,0,1,1,1,0,a3,0,1,1,1,1,1,0,1,1,1,1,0,1,1,0,1,0,0,1,1,1,1,1,1,1,1,1,1,1,1,1,0,1,1,0,1,0,1,1,a1,0,0,1,1,1,1,1,1,1,0,1,1,1,0,0,1,1,2,1,0,2,2,1,1,2,1,2,2,2,2,0,2,1,0,0,1,2,1,1,b1,2,2,0,1,1,2,0,2,2,2,2,2,1,2,2,2,1,2,1,0
1,1,1,1,1,1,1,0,1,0,2,2,1,2,2,2,1,2,2,2,0,1,2,1,2,2,1,2,1,2,2,2,2,2,0,1,1,2,1,0,1,1,0,1,1,1,1,1,1,1,0,1,1,1,1,1,1,1,1,a3,1,0,1,1,1,1,1,0,1,1,0,1,1,1,1,1,1,1,1,1,0,1,1,1,1,1,1,1,1,1,0,0,1,1,0,1,0,0,1,a1,1,1,1,1,0,1,0,1,1,1,1,1,1,1,0,1,1,1,2,2,0,2,2,1,2,2,1,2,1,2,0,2,1,0,0,2,2,0,1,a1,0,0,0,2,2,2,2,2,1,0,2,2,2,2,1,0,1,2,1,2
1,1,1,0,1,1,1,2,2,2,1,2,1,0,2,1,2,1,2,1,1,1,1,1,1,0,2,0,1,2,1,0,2,1,2,2,0,2,1,1,1,0,0,1,1,0,1,1,1,1,1,1,1,1,1,1,1,1,1,a3,1,1,1,1,0,1,1,1,0,1,1,1,0,1,1,1,1,0,0,1,1,1,1,1,1,1,1,1,1,1,1,1,1,1,0,1,0,1,0,a1,1,1,1,1,0,1,1,1,1,1,1,1,1,1,1,1,1,2,2,1,0,1,2,0,0,2,2,1,1,2,2,2,1,2,1,1,0,2,0,b1,2,2,2,2,1,2,2,2,0,0,1,1,2,2,1,2,0,2,2,0
1,1,0,1,0,1,1,1,0,1,1,1,1,2,2,1,2,2,1,2,2,2,2,0,2,1,2,0,2,2,2,1,2,2,2,1,2,2,1,1,1,1,2,1,2,1,0,0,2,1,2,2,0,0,2,1,0,2,1,a3,1,0,1,1,1,1,1,1,1,1,1,1,0,1,0,0,1,0,1,0,0,1,1,1,1,1,1,1,0,1,1,1,1,1,1,1,1,1,1,a1,1,1,1,0,1,1,1,1,1,1,1,0,1,1,0,1,1,1,1,1,1,1,1,1,1,0,1,1,0,1,0,1,1,1,1,1,1,1,0,a1,0,1,1,1,1,1,1,0,0,1,1,1,1,0,0,1,1,1,1,0
0,1,1,1,1,1,0,0,0,2,2,1,0,2,2,2,1,2,1,2,0,2,1,2,0,2,1,0,2,2,0,2,0,1,1,1,2,2,1,2,1,1,1,0,2,1,0,1,0,1,2,0,2,2,1,0,2,2,1,a3,0,1,1,1,1,1,1,1,1,1,0,1,1,1,1,1,1,1,0,1,1,1,0,1,1,1,1,1,1,1,1,1,0,0,0,1,1,1,0,a1,0,0,1,1,0,0,0,1,1,1,1,0,1,1,1,0,0,1,1,1,1,1,1,1,1,0,1,1,0,1,1,0,0,1,1,1,0,1,1,a1,1,1,0,1,1,1,1,0,1,1,1,0,1,0,1,1,1,0,1,1
0,1,1,0,0,1,1,2,2,0,2,1,1,2,2,2,2,2,1,1,2,2,0,2,2,2,0,0,2,1,0,2,2,2,2,1,1,1,2,0,2,1,2,1,1,1,1,2,1,2,1,1,1,1,2,1,2,1,1,a3,1,1,1,1,1,1,1,1,0,1,0,1,1,0,1,1,1,1,1,1,0,1,1,1,1,1,1,1,1,1,1,1,0,1,1,0,1,1,1,a1,0,1,1,0,0,1,1,1,1,1,1,1,1,1,0,1,1,0,0,1,1,1,1,0,0,0,1,1,1,0,1,1,1,0,1,1,1,0,1,a1,1,1,1,1,1,1,1,0,1,1,1,1,0,1,1,1,1,1,1,1
1,1,0,1,1,1,0,0,1,1,1,2,2,0,2,2,2,2,0,2,1,2,2,1,1,1,1,2,2,0,2,1,1,0,1,2,2,2,1,2,2,0,2,1,1,2,0,1,2,0,0,2,1,2,1,0,1,2,1,a3,1,1,1,1,1,1,1,1,1,1,1,1,1,1,0,1,1,1,1,1,1,1,1,1,1,1,1,0,1,1,0,1,1,0,1,1,1,1,1,a1,1,1,0,1,1,1,0,1,1,1,1,1,1,1,1,0,1,1,0,0,1,1,0,1,0,1,1,1,0,1,1,0,0,1,1,1,0,1,1,a1,1,1,1,0,1,1,1,1,1,1,1,1,1,0,1,1,1,1,1,1
0,1,1,1,1,0,0,1,1,1,1,2,2,0,1,2,2,1,2,0,2,2,1,0,0,2,1,2,0,2,2,0,2,2,0,2,2,0,1,2,1,2,2,1,1,1,2,2,1,1,2,1,1,0,2,2,1,1,0,a3,1,1,1,0,1,0,1,1,1,1,1,1,1,1,1,1,0,1,1,1,1,1,1,0,0,1,1,1,1,0,1,1,1,1,1,0,1,1,1,a1,1,1,1,0,1,0,0,1,0,1,0,1,1,1,1,1,1,1,1,1,1,1,1,1,1,1,1,1,1,1,0,1,1,1,1,1,1,1,1,a1,1,1,1,1,1,1,1,1,0,1,1,0,0,1,0,0,0,0,1,1
1,1,0,1,1,1,1,2,0,0,2,2,1,2,1,1,2,0,2,2,0,1,1,0,2,0,2,2,0,2,2,2,1,2,2,2,2,0,1,2,1,2,0,1,2,1,0,2,0,1,1,1,2,2,2,1,0,2,1,a3,1,1,0,1,1,1,1,1,0,1,1,1,1,1,1,1,1,1,1,1,1,1,0,0,1,1,1,0,0,1,1,1,1,1,0,1,1,1,0,a1,0,1,1,0,1,1,0,1,1,1,1,1,1,1,1,1,1,1,1,1,1,1,1,1,1,0,1,0,1,0,1,1,0,1,1,1,1,1,1,a1,0,1,1,1,1,1,1,1,0,1,0,1,1,1,0,1,1,1,1,1
1,1,0,1,1,1,1,1,1,0,0,1,0,2,2,1,0,2,2,0,1,0,0,0,0,2,1,0,1,1,0,2,1,0,0,2,1,1,2,2,2,1,2,2,2,2,2,1,1,1,0,2,2,1,2,1,2,2,1,a3,1,1,1,1,1,1,1,0,1,1,1,1,1,1,1,1,1,0,0,1,1,1,1,1,1,1,1,1,1,1,1,0,1,1,1,1,0,0,1,a1,0,1,1,0,1,0,1,1,1,1,1,1,0,1,1,1,1,1,1,1,1,1,1,1,1,1,1,1,1,1,1,1,0,1,0,0,1,1,1,a1,1,1,1,0,1,1,1,1,1,1,1,0,1,1,1,0,1,1,0,1
1,0,1,1,0,1,1,2,1,0,1,2,1,2,0,1,1,2,2,2,1,1,1,1,1,1,0,0,2,2,2,0,2,0,2,2,0,1,1,0,2,0,2,1,2,1,2,2,2,0,0,1,1,1,1,2,2,1,1,a3,1,1,1,1,1,0,0,1,0,0,1,1,1,1,1,1,1,1,1,1,1,1,1,0,1,1,1,1,1,1,0,1,1,0,1,0,1,1,1,a1,0,1,1,1,0,0,1,1,1,1,0,1,1,1,1,1,1,1,0,1,1,1,1,1,1,1,1,1,0,1,1,1,0,0,0,1,1,1,1,a1,1,1,0,1,1,1,1,1,1,0,1,1,1,1,1,0,1,0,1,1
1,1,1,1,1,1,1,0,2,1,0,0,0,0,2,2,0,1,2,1,2,2,0,2,0,2,1,2,0,0,0,1,2,2,1,2,2,2,1,2,1,2,2,2,1,1,1,2,0,1,0,2,1,2,1,2,1,2,1,a3,1,1,1,0,1,0,1,1,1,1,1,1,1,0,1,1,1,0,1,1,1,1,1,1,0,1,1,1,1,1,1,1,1,0,1,1,1,0,1,a1,1,1,0,1,1,1,1,1,1,1,1,1,1,1,1,1,1,0,1,1,0,0,1,0,1,1,0,1,1,1,1,1,0,0,1,0,1,1,0,a1,1,1,1,1,1,1,0,1,1,1,1,1,1,1,1,1,1,0,1,1
1,1,1,1,1,1,1,2,2,1,2,0,0,1,1,1,0,0,1,1,1,2,1,2,0,2,2,1,0,2,2,2,1,0,2,1,2,2,2,2,2,1,2,0,1,0,0,2,2,0,1,2,2,2,1,2,1,1,1,a3,1,1,1,1,1,0,0,1,0,1,1,1,1,1,1,0,1,0,1,1,1,0,1,0,1,1,1,1,1,1,1,0,1,1,1,1,1,0,1,a1,1,1,1,1,1,1,1,1,1,0,0,1,1,0,1,1,1,1,1,1,1,1,1,0,1,1,0,0,1,1,1,1,1,0,1,0,1,1,0,a1,1,1,1,0,1,1,1,1,1,1,1,1,0,0,1,1,1,1,1,1
1,1,1,0,1,1,0,0,1,0,2,1,1,2,1,1,2,1,2,2,1,0,2,0,1,0,1,2,2,2,2,1,2,1,1,2,0,2,2,2,1,0,2,2,1,1,1,1,0,1,1,2,1,2,1,2,2,1,1,a3,1,1,0,0,1,1,1,1,1,0,1,1,1,1,1,0,1,1,1,1,1,1,1,0,1,1,0,0,1,1,0,1,1,0,1,1,1,1,1,a1,1,1,0,1,1,0,0,0,1,1,0,0,1,0,0,0,1,1,1,1,1,1,0,1,1,1,1,1,1,1,0,1,1,1,1,1,0,1,1,a1,1,0,1,1,1,0,1,1,1,1,1,1,1,1,1,1,1,1,0,1
1,1,1,1,1,1,1,2,2,1,2,1,0,2,0,2,1,2,0,2,0,1,1,1,1,2,2,2,2,1,0,2,0,0,1,0,1,2,0,1,0,1,2,1,2,1,2,2,0,1,2,2,0,1,1,1,0,0,1,a3,1,0,1,1,0,1,1,1,1,0,1,1,1,0,1,1,1,1,1,1,1,1,1,1,1,1,1,1,0,1,1,0,1,1,1,1,1,0,1,a1,1,1,1,1,1,1,1,1,1,1,1,1,0,1,1,1,1,0,1,1,0,1,0,1,1,0,0,1,1,1,1,1,1,1,0,1,1,1,1,a1,1,1,1,1,0,1,1,1,1,0,1,1,1,0,1,0,1,0,1,0
0,1,1,0,1,1,1,0,2,1,2,0,0,1,0,2,1,1,0,2,0,1,1,1,1,1,0,1,1,2,2,0,2,2,2,2,2,1,1,0,2,2,1,1,1,2,1,2,1,1,1,1,2,1,1,2,1,1,1,a3,1,0,1,1,1,0,1,1,1,1,1,1,1,1,1,1,1,1,1,1,1,0,0,0,1,1,1,0,1,1,0,1,0,1,0,1,1,1,1,a1,1,1,1,0,1,0,1,0,0,1,1,1,0,0,1,1,1,0,1,0,1,1,1,1,1,1,1,0,1,1,1,0,1,1,0,0,1,1,1,a1,1,1,1,1,1,1,1,1,1,1,1,1,0,1,1,1,0,1,0,0
1,1,0,1,0,1,0,1,0,2,1,2,2,1,1,1,0,2,2,0,1,1,1,1,1,2,2,2,2,2,0,2,1,2,2,2,2,0,1,1,0,1,0,1,0,2,1,2,0,1,2,1,1,1,0,0,1,1,1,a3,1,0,1,1,1,1,0,1,1,0,1,1,0,1,1,1,1,1,1,0,1,0,0,1,1,1,1,0,1,1,1,0,1,1,0,1,1,1,0,a1,1,1,1,1,0,1,0,1,0,0,1,1,1,1,0,1,1,1,1,1,1,1,1,1,1,1,1,1,1,1,0,1,0,1,1,1,0,1,1,a1,0,1,1,1,1,1,1,1,1,1,1,1,1,1,1,0,1,1,1,1
1,1,1,0,1,1,1,2,2,0,2,0,0,0,1,1,1,1,2,2,0,1,1,2,1,0,2,2,2,2,0,1,1,0,2,2,1,0,1,1,1,1,0,0,2,2,0,1,0,2,2,0,0,0,1,2,1,1,1,a3,1,1,1,1,1,1,1,1,1,0,0,1,1,1,0,1,1,1,1,1,1,0,1,1,1,1,1,0,1,1,1,0,0,0,1,1,1,1,0,a1,1,0,0,1,0,1,1,1,1,0,1,1,1,1,1,1,1,0,1,1,1,1,1,1,1,1,0,1,1,1,1,1,1,1,0,1,1,1,1,a1,1,1,1,1,1,1,1,1,0,1,1,1,1,0,1,1,1,0,0,1
1,1,1,1,1,1,1,2,2,2,0,0,2,1,1,1,1,1,2,2,1,2,2,0,1,2,1,2,0,0,1,2,2,2,2,2,0,2,1,0,2,1,0,2,2,1,0,2,0,0,2,0,1,1,2,0,2,0,0,a3,1,0,0,1,1,0,1,1,1,1,1,1,0,0,1,1,0,0,1,1,1,0,1,1,0,1,1,1,1,0,1,1,1,1,1,1,1,1,1,a1,0,1,1,1,1,1,1,1,1,1,0,1,1,0,1,1,0,1,1,1,1,0,1,1,1,1,1,0,1,1,1,1,1,1,0,1,1,1,1,a1,0,1,1,1,1,1,0,1,1,1,1,1,1,1,1,0,0,1,1,0
1,1,1,1,1,0,1,1,1,1,2,0,1,0,1,2,1,1,1,2,1,0,1,1,1,1,1,2,0,1,2,0,2,2,2,2,2,0,2,0,2,0,1,0,2,1,0,2,1,2,2,1,2,2,2,1,1,2,1,a3,1,1,0,0,1,1,1,1,1,1,1,1,0,1,0,1,1,0,1,0,1,1,0,1,0,1,1,1,1,1,1,1,1,1,1,1,1,1,1,a1,1,1,0,1,0,1,1,1,0,1,1,1,1,1,0,1,0,1,1,1,1,1,1,1,1,1,1,1,1,1,1,0,1,0,1,1,1,1,1,a1,0,1,1,1,1,0,0,1,1,1,1,1,1,0,1,0,1,1,1,0
0,1,1,1,1,0,1,2,1,2,1,1,1,1,2,1,2,2,2,1,2,1,1,2,2,1,1,0,2,2,1,2,0,0,1,2,1,0,1,2,1,2,2,0,2,1,2,2,0,1,0,1,2,1,1,0,0,2,0,a3,0,1,1,0,1,1,1,1,1,1,1,1,1,0,1,1,1,1,1,0,1,1,1,1,1,1,1,1,1,1,0,1,1,1,1,1,1,1,1,a1,1,1,1,0,1,1,1,1,0,1,1,0,1,1,1,0,1,0,1,0,1,1,1,1,1,1,1,1,1,1,1,1,1,0,1,1,1,0,1,a1,1,1,1,0,1,0,1,1,1,1,0,1,1,0,1,1,1,1,0,1
1,1,1,0,1,1,1,1,0,2,1,2,2,0,2,2,1,0,2,1,1,0,1,2,2,1,2,2,2,2,1,0,1,0,0,0,2,2,0,1,0,1,1,1,2,1,2,2,1,2,0,2,1,1,2,1,2,2,0,a3,1,0,0,1,1,0,1,0,1,1,0,1,0,1,1,1,1,1,1,1,1,1,0,1,0,0,1,1,1,0,1,0,1,1,1,0,1,1,1,a1,1,1,1,1,1,1,1,1,1,1,1,1,0,1,0,0,1,1,1,1,1,1,1,1,1,0,1,1,1,1,0,0,1,1,1,1,0,0,1,a1,1,0,1,1,0,0,1,1,1,1,1,1,0,0,1,0,1,1,1,1
1,1,1,0,1,1,1,1,1,1,1,1,1,1,1,1,1,1,0,1,1,1,1,0,1,1,1,1,1,2,2,0,1,1,1,2,0,1,2,2,2,0,1,1,2,1,2,2,0,1,0,2,2,2,2,1,1,1,0,a3,1,1,1,1,1,1,1,1,1,0,1,1,1,1,1,0,1,0,1,1,0,1,0,1,1,1,1,0,0,1,1,1,1,0,1,1,1,1,1,a1,1,1,0,1,1,1,1,0,1,0,1,1,1,0,1,1,0,1,1,0,1,1,1,0,1,1,1,1,1,1,0,1,1,1,1,1,1,1,1,a1,1,1,1,1,1,1,0,1,1,0,1,0,1,1,1,1,1,1,1,0
1,1,1,1,1,0,1,1,0,0,1,1,1,0,1,0,0,0,1,1,1,1,1,1,1,0,1,0,0,1,2,0,0,2,0,1,2,0,1,0,2,2,2,0,2,2,1,1,1,2,1,2,1,2,0,2,0,2,1,a3,0,1,1,1,1,1,1,1,0,1,1,1,1,1,0,1,1,0,0,1,1,0,1,1,0,0,1,1,1,1,1,1,1,1,1,0,0,1,0,a1,1,1,1,0,1,1,1,1,1,1,1,1,1,1,1,1,1,1,1,0,1,0,1,1,1,1,1,1,1,1,1,1,1,1,1,0,1,0,1,a1,1,0,1,1,1,1,1,1,1,1,1,1,0,1,1,1,1,1,0,1
1,0,1,1,1,1,0,1,1,1,1,1,1,1,1,0,0,1,1,1,1,0,1,0,1,1,0,2,0,0,2,0,1,1,1,2,0,2,2,2,0,2,0,2,1,0,1,0,1,1,0,0,0,2,1,2,1,2,1,a3,1,0,1,1,1,1,0,0,1,1,1,0,1,0,1,1,1,1,1,1,1,1,1,0,1,1,1,0,1,1,1,1,1,1,0,0,1,1,0,a1,1,0,1,1,0,1,1,1,0,1,1,1,1,1,1,0,1,1,1,1,0,1,1,0,1,1,0,0,0,1,1,1,0,1,0,1,1,0,0,a1,1,1,1,0,1,1,0,1,1,0,0,1,1,1,1,1,0,1,1,1
0,0,1,1,1,1,1,1,1,1,1,1,0,1,1,1,1,1,0,1,1,1,1,0,1,1,1,0,0,1,2,2,0,2,2,2,0,1,2,1,1,2,1,1,2,0,1,1,1,1,1,1,2,1,0,0,0,2,1,a3,1,1,1,0,1,1,1,1,1,1,1,1,1,1,1,1,1,1,1,1,1,1,1,1,1,0,1,1,1,1,1,1,1,1,1,1,1,1,1,a1,0,1,1,1,1,1,1,0,1,1,1,1,1,1,1,1,0,1,1,1,0,0,1,1,0,1,0,1,1,1,1,1,0,1,1,1,1,1,1,a1,1,1,1,1,1,1,0,1,1,1,1,1,1,1,1,1,0,1,1,1
