146,1
3,13
120,160
108,6
91,13
142,94
16,61
71,69
46,115
84,77
97,63
1,1,1,1,0,1,0,1,1,1,1,1,1,1,1,1,1,1,1,0,1,a4,0,1,1,a2,1,1,1,1,1,1,1,1,1,1,1,1,1,1,1,1,1,1,1,1,0,1,1,1,1,0,1,0,1,0,1,1,1,1,1,1,1,1,1,1,1,1,1,1,1,1,1,1,1,1,1,2,0,0,2,1,2,2,0,b2,2,0,0,0,2,2,2,0,2,2,0,2,2,2,2,0,2,1,2,0,2,2,0,0,0,2,2,1,2,0,2,2,2,1,0,2,a1,0,1,1,1,1,1,1,1,0,1,1,1,1,1,1,1,0,1,1,1,1,0,1,1,0,1,1,1,1,1,1,0,1,1,0,1,1
1,0,1,1,0,0,1,0,1,1,1,0,1,1,1,1,1,1,0,1,1,a4,1,1,0,a2,1,1,1,0,1,1,0,1,1,1,1,1,1,0,1,1,1,1,0,1,1,1,1,0,1,1,1,0,1,1,1,1,1,1,0,1,1,1,0,0,1,1,0,1,1,1,1,0,1,0,1,2,0,1,2,2,1,1,0,a2,0,1,2,2,2,1,2,1,2,2,2,1,1,1,0,1,2,2,2,2,0,2,1,2,2,2,1,1,2,2,2,1,1,1,1,1,a1,0,0,1,1,1,1,1,0,1,1,1,1,1,0,1,0,1,1,1,0,1,1,0,1,1,1,1,0,1,1,1,1,1,1,1,1,1
1,0,1,1,0,1,1,1,0,1,1,1,1,1,0,1,1,0,1,1,0,a4,1,1,1,a2,1,1,0,1,0,1,1,1,0,1,0,1,1,0,1,1,1,1,0,1,1,1,1,1,1,0,1,1,1,1,1,1,1,1,1,0,1,1,1,1,1,0,1,1,1,1,0,1,0,1,2,1,2,0,1,0,2,1,1,b2,2,2,0,0,1,2,1,1,0,2,2,2,2,1,2,1,0,0,2,2,2,1,1,2,2,1,2,0,1,2,2,2,1,1,0,0,a1,0,1,1,1,0,1,1,0,1,1,0,0,1,1,1,1,1,1,0,1,1,1,1,0,1,1,1,1,1,1,1,1,1,1,1,0,0
1,0,0,1,1,1,1,1,1,1,1,1,0,0,1,1,1,0,1,1,0,a4,1,0,1,a2,0,0,1,1,1,1,1,1,0,1,1,1,0,1,1,1,0,1,0,1,1,1,1,1,1,1,0,0,0,1,1,1,0,0,1,1,1,1,1,1,1,0,0,1,1,1,1,0,1,1,1,2,2,1,2,1,2,2,1,b2,2,1,1,2,2,2,1,2,2,2,1,2,0,2,2,0,2,2,2,1,2,2,1,0,1,0,1,2,2,0,2,1,0,1,2,1,b1,2,1,1,1,1,1,0,1,1,1,0,1,1,1,1,1,0,1,1,1,1,1,1,1,0,1,1,1,1,1,1,0,1,1,1,1,0
1,0,1,0,1,1,1,1,1,1,1,1,1,0,1,1,1,0,1,1,0,a4,1,1,1,a2,1,1,1,1,1,1,1,1,1,1,1,1,0,1,0,1,1,1,0,1,1,1,1,0,1,1,1,1,1,1,0,1,1,1,1,1,1,0,0,1,1,0,1,0,1,1,1,1,1,1,1,1,1,1,2,2,1,2,1,a2,1,0,0,1,1,0,0,0,1,2,1,2,2,0,1,2,2,2,1,2,2,2,0,2,2,1,0,2,1,0,2,2,1,1,0,1,b1,0,1,1,1,1,1,1,1,1,1,0,1,1,1,1,1,1,1,0,1,1,0,0,1,1,0,0,1,0,1,1,1,1,1,0,1,1
1,1,1,1,1,1,1,0,0,1,1,1,1,0,1,1,1,1,1,0,1,a4,1,0,1,a2,1,1,1,1,1,1,1,0,1,1,1,1,1,1,1,1,1,1,1,1,0,1,1,1,1,1,1,1,1,1,1,1,0,0,1,1,1,1,1,1,0,1,1,1,1,1,0,1,1,1,1,2,2,2,2,0,1,1,1,a2,2,0,2,2,1,1,2,2,2,0,2,2,0,0,2,2,0,2,2,2,2,0,1,1,0,1,1,2,2,1,1,2,1,1,0,1,a1,1,1,1,1,1,1,1,1,0,1,0,0,1,1,1,1,1,1,1,1,1,1,1,1,1,1,1,0,1,1,1,1,1,1,1,1,1
1,1,1,1,1,1,1,1,1,1,1,1,1,1,1,1,0,1,1,1,1,a4,1,1,1,a2,1,1,1,1,1,1,1,1,1,1,0,1,0,1,0,1,0,1,1,1,0,1,1,1,1,1,1,1,1,1,1,1,1,1,1,1,1,0,1,0,1,1,0,1,1,1,0,0,1,1,2,2,1,1,2,2,1,2,2,b2,2,1,0,2,2,1,1,1,1,1,2,1,2,1,2,2,1,1,0,2,2,2,2,0,2,2,0,2,1,1,2,2,2,2,0,1,a1,2,1,1,0,0,1,0,0,1,1,1,1,0,1,1,1,0,1,1,1,1,1,1,0,0,1,1,0,1,1,0,1,1,1,1,1,1
1,1,1,0,1,1,0,1,1,1,1,1,1,1,1,1,1,1,1,1,1,a4,0,1,1,a2,1,1,0,1,1,1,1,1,1,1,1,1,1,1,1,1,0,1,1,1,1,1,1,1,1,1,1,1,1,0,1,1,1,1,1,1,1,1,1,1,1,1,0,1,1,0,1,1,1,1,2,2,2,1,0,2,0,2,2,a2,0,0,2,2,1,2,1,2,0,0,2,2,1,2,0,1,2,2,2,2,0,0,1,1,2,0,2,2,1,1,1,0,1,1,1,0,b1,1,1,0,1,1,1,1,1,1,1,1,0,1,0,0,1,1,1,0,1,1,1,0,1,1,1,1,1,1,1,1,0,1,1,0,1,1
0,1,0,1,1,0,1,1,1,1,0,0,1,1,1,0,1,1,1,1,1,a4,1,1,0,a2,1,1,1,1,0,1,0,1,1,1,1,0,1,1,1,1,1,1,1,1,1,1,1,1,1,1,0,1,1,1,1,1,1,0,0,1,0,0,1,1,1,1,1,1,1,1,1,1,0,1,2,2,2,2,2,0,1,1,0,a2,1,0,0,1,1,1,2,2,2,2,2,2,1,2,2,2,2,2,2,2,2,1,0,0,0,2,1,1,1,1,2,1,1,1,2,1,a1,1,1,1,0,0,1,0,0,0,1,1,1,1,1,0,0,1,1,1,0,1,1,1,0,1,1,1,1,1,0,0,1,1,1,1,1,0
1,1,1,0,0,1,1,0,1,1,1,1,1,0,1,0,0,1,0,0,1,a4,1,1,1,a2,1,1,0,0,0,1,0,1,1,1,1,1,1,1,1,1,1,0,0,0,1,1,0,1,0,1,1,1,1,0,1,1,1,1,1,1,1,1,1,1,1,1,1,0,1,1,0,1,1,1,1,0,2,1,2,2,0,2,1,a2,1,0,2,1,1,2,1,2,2,2,2,1,0,2,2,2,2,2,0,2,1,0,1,1,0,0,2,0,2,1,2,1,1,0,2,2,b1,2,1,1,1,1,1,1,1,1,0,1,0,1,1,1,1,1,0,1,1,1,1,0,1,1,1,1,1,1,0,1,1,1,0,1,1,1
1,0,1,1,1,1,1,0,0,1,1,1,1,1,1,1,1,1,1,1,1,a4,1,1,1,a2,1,1,1,1,1,1,1,1,1,1,1,0,1,0,0,1,1,0,1,1,0,0,1,1,1,1,1,1,1,1,1,1,1,1,1,1,1,1,1,0,1,1,0,1,1,1,0,1,1,1,1,0,1,2,2,2,0,1,1,a2,0,0,0,0,1,2,1,2,2,2,2,1,2,2,1,1,1,2,2,2,1,1,0,1,0,2,0,1,1,0,2,2,0,0,2,1,b1,1,0,1,1,1,1,1,1,0,1,1,1,1,1,1,1,1,1,0,1,1,1,0,1,1,1,0,1,0,0,1,1,1,1,1,1,0
1,1,1,1,1,1,0,1,1,1,1,1,0,1,1,0,1,1,1,1,1,a4,1,0,1,a2,1,1,1,1,1,1,1,0,1,1,1,1,1,1,1,0,1,0,1,1,1,1,1,1,1,0,1,0,1,1,1,1,1,1,0,1,1,1,1,1,0,1,0,1,1,1,1,0,1,0,2,1,1,2,2,0,2,2,2,a2,2,0,0,2,1,1,2,1,2,1,2,0,1,2,2,2,0,0,1,2,0,1,2,2,2,2,0,2,2,0,0,1,2,2,1,2,b1,2,0,1,1,1,1,0,0,1,1,1,1,1,1,1,1,1,0,1,1,1,1,1,1,1,1,1,1,0,1,0,0,1,1,0,1,1
1,1,1,1,1,1,0,1,1,1,1,1,1,1,1,1,0,1,0,1,1,a4,1,1,1,a2,1,1,1,1,1,0,1,1,1,0,1,1,1,0,1,0,1,1,1,1,1,0,1,1,1,1,1,1,1,1,1,1,1,1,1,1,1,0,0,1,0,1,0,1,1,1,1,1,1,0,0,2,2,1,2,1,2,2,1,a2,2,0,1,2,2,1,0,1,0,0,2,2,2,2,2,2,0,2,2,2,2,1,2,0,1,2,1,1,1,0,1,1,1,2,1,1,a1,0,1,1,1,1,1,1,1,1,1,1,1,1,1,1,1,1,1,1,1,1,1,1,0,1,1,1,1,1,1,0,1,1,0,1,1,0
1,1,1,1,0,1,0,1,1,1,1,1,0,1,1,1,1,1,1,1,1,a4,0,1,1,a2,1,1,1,1,1,1,0,1,1,1,1,1,1,1,0,0,0,1,1,1,1,1,1,1,0,1,1,0,1,1,1,0,1,0,1,1,1,1,0,1,0,1,1,1,1,1,1,1,1,0,0,2,2,1,1,2,1,1,2,a2,1,1,2,0,2,1,1,2,2,2,1,0,0,1,2,0,2,0,2,0,0,2,1,2,1,0,2,1,1,1,2,1,2,0,1,1,a1,2,1,1,1,1,1,1,1,1,1,0,1,1,1,0,1,1,0,1,1,0,1,1,0,1,0,1,0,0,1,1,1,0,0,0,0,1
1,0,1,1,0,1,1,0,1,0,1,1,1,0,1,1,1,1,0,1,1,a4,1,1,1,a2,1,1,0,1,1,1,1,1,1,0,1,1,1,1,1,0,0,1,1,1,0,1,1,1,1,1,1,1,1,1,0,1,1,1,1,1,0,0,1,1,1,0,0,1,0,1,1,0,1,1,2,2,1,0,0,2,0,0,1,a2,1,1,1,1,0,1,0,1,2,2,1,2,2,2,2,2,2,1,2,2,2,1,1,0,1,2,1,2,2,0,1,2,2,2,2,0,a1,2,1,1,1,1,1,1,1,1,1,1,1,1,1,0,1,1,1,1,1,1,1,1,0,1,1,1,1,1,1,1,1,1,0,1,1,1
1,1,1,0,1,1,1,1,0,1,1,1,1,1,1,1,1,1,1,0,1,a4,1,1,1,a2,1,0,1,1,1,1,1,1,1,1,1,1,1,0,1,1,1,1,1,1,1,0,1,1,0,0,0,1,1,1,1,1,1,1,1,1,0,0,1,0,1,1,0,0,1,1,1,1,1,1,0,1,0,2,0,2,0,0,2,b2,1,2,1,0,1,1,1,2,1,1,1,2,1,0,0,2,0,2,0,2,2,0,1,2,2,2,1,2,2,1,1,2,1,0,0,2,b1,2,1,1,0,1,1,1,0,0,1,1,0,1,0,1,1,1,1,0,1,1,1,1,1,1,1,1,1,0,1,1,1,1,1,1,1,1
1,1,1,1,1,1,1,1,1,1,1,0,1,1,0,1,1,0,1,1,0,a4,1,1,1,a2,1,1,1,0,1,1,1,1,1,1,1,1,1,1,1,0,0,1,1,1,1,1,1,1,1,0,1,1,0,0,1,1,1,1,1,1,1,1,1,1,1,0,1,1,1,1,0,0,1,0,2,0,1,1,0,1,1,1,2,a2,0,0,0,1,2,1,1,2,0,2,2,2,0,2,2,2,2,1,2,2,2,2,2,1,2,2,1,2,1,1,1,1,2,2,0,1,b1,0,0,1,1,0,1,1,1,1,0,1,1,1,1,1,0,1,1,1,1,1,1,1,1,1,1,0,1,1,0,1,1,1,0,0,1,0
1,1,1,1,1,0,0,1,1,0,1,1,0,1,1,1,1,1,0,1,1,a4,1,1,0,a2,1,1,1,1,1,1,0,0,1,1,1,1,0,1,1,1,0,0,1,0,0,1,0,1,1,1,1,1,1,1,1,1,0,0,0,1,1,1,1,1,1,1,1,0,1,1,1,0,1,1,0,2,0,1,0,2,0,0,0,a2,1,0,1,2,2,2,2,2,1,1,0,2,2,2,0,2,2,2,2,2,2,1,2,0,1,2,1,0,0,2,2,1,2,1,1,2,a1,0,1,1,1,1,0,1,1,1,0,1,1,1,1,1,1,1,1,1,1,1,1,1,1,1,1,1,0,1,1,1,0,1,1,0,1,1
1,1,1,1,1,1,1,1,1,0,1,1,1,1,1,1,1,1,0,1,1,a4,1,1,0,a2,1,1,1,0,1,1,1,1,1,1,1,1,1,0,1,1,1,1,1,0,1,1,1,1,1,1,1,1,1,1,1,1,1,1,1,1,0,0,1,0,1,1,0,1,1,1,1,1,1,1,2,2,2,0,2,1,1,0,2,b2,1,2,2,1,2,1,2,2,2,1,0,0,2,1,2,1,2,2,2,2,2,1,1,0,0,0,2,0,2,0,2,2,2,1,1,1,a1,1,1,1,1,0,0,1,1,1,0,1,1,1,1,1,1,1,1,1,1,1,1,1,1,1,1,1,1,1,1,1,1,0,1,1,1,1
1,1,1,1,1,1,1,1,1,1,1,1,1,1,1,1,1,1,1,1,1,a4,1,1,1,a2,1,1,1,1,1,0,1,0,1,0,1,1,1,0,1,1,1,0,1,1,1,0,1,0,1,1,1,1,1,1,0,0,1,0,1,0,1,1,1,1,1,1,0,0,1,0,1,1,1,1,2,1,2,1,2,0,2,0,2,b2,1,2,2,2,0,2,1,1,2,1,2,1,2,0,2,2,2,2,2,2,2,2,0,2,2,2,2,2,1,2,1,2,0,1,2,1,a1,1,1,1,1,0,1,1,1,1,0,1,1,1,1,1,1,1,1,1,0,1,1,1,1,1,0,0,1,0,1,1,1,0,1,1,1,1
1,0,1,1,1,1,1,1,0,1,1,1,1,0,0,0,1,1,0,0,1,a4,1,0,0,a2,1,1,1,0,1,1,1,1,1,1,0,0,1,1,0,1,1,1,0,1,1,1,1,1,1,1,1,1,1,0,1,1,0,0,1,1,0,1,1,1,0,1,1,1,1,1,1,1,1,1,1,2,2,2,2,1,1,0,2,a2,1,1,1,1,1,0,1,2,0,1,2,2,2,1,1,2,1,0,2,2,0,2,2,1,1,0,2,0,1,1,1,0,2,2,2,1,b1,0,1,0,1,1,1,1,1,1,0,1,1,1,1,1,1,0,1,1,1,1,0,1,1,1,1,0,0,1,1,0,1,1,1,0,1,0
1,1,1,1,0,1,1,1,1,0,1,1,1,1,1,0,1,0,1,1,1,a4,0,1,1,a2,1,1,1,0,1,1,1,1,0,1,1,1,1,0,0,1,1,1,0,1,1,1,0,0,1,1,1,1,1,1,0,1,1,1,1,0,1,1,1,1,0,1,1,1,1,1,1,1,1,1,2,1,2,1,2,1,1,1,0,a2,1,2,1,1,0,1,0,1,2,0,2,2,2,0,2,2,0,1,2,2,2,2,1,1,1,1,0,1,2,1,1,1,0,1,0,2,b1,1,1,0,1,1,1,1,1,1,1,1,1,1,1,1,1,1,0,1,1,0,0,1,1,1,1,1,0,1,1,1,1,0,1,1,1,0
1,1,0,1,1,1,1,0,1,1,1,1,0,1,1,1,1,1,1,0,1,a4,1,1,1,a2,1,1,0,0,0,1,1,1,1,1,1,1,1,1,1,1,1,1,1,1,1,1,1,1,1,0,1,1,1,1,1,1,0,1,1,0,1,1,1,0,1,1,1,1,1,1,1,1,1,1,2,2,1,2,2,2,0,2,2,b2,0,0,2,1,2,2,2,2,2,0,1,2,1,1,2,2,1,1,1,1,0,1,0,1,1,1,0,1,1,1,1,1,1,1,1,1,a1,1,1,1,1,0,1,1,1,1,1,1,0,1,1,0,1,1,1,1,1,1,1,1,0,1,0,1,1,0,0,1,1,1,1,1,1,1
0,1,1,1,1,1,1,1,0,1,1,1,1,1,1,1,1,0,0,1,1,a4,0,1,0,a2,1,0,1,1,1,1,1,1,1,1,1,0,1,1,0,1,0,1,1,1,1,0,0,1,1,1,1,1,0,1,1,1,1,1,1,1,1,1,1,1,1,1,1,1,0,0,1,1,1,0,0,2,2,2,0,2,2,1,0,a2,1,2,2,0,2,0,2,1,1,0,2,1,1,2,2,0,1,2,1,0,0,1,1,1,1,1,1,1,1,1,1,0,1,1,1,1,a1,0,1,0,0,0,1,1,1,1,1,1,1,1,1,0,1,0,1,1,0,1,1,1,1,1,1,0,1,1,1,1,1,1,1,0,1,1
1,1,1,1,1,1,1,1,1,0,1,1,1,0,0,1,0,0,1,1,1,a4,1,0,1,a2,1,1,1,1,1,1,1,1,1,0,0,0,0,1,1,0,1,1,1,1,1,1,1,1,1,1,0,1,0,1,1,0,1,0,1,1,1,1,1,1,1,1,1,1,1,1,0,1,0,1,1,1,1,2,2,1,1,1,1,b2,1,1,0,1,0,1,0,2,1,0,1,1,2,2,2,2,1,0,1,0,2,1,0,1,1,1,1,1,0,1,1,1,0,1,1,1,a1,0,1,1,0,1,1,0,1,0,1,1,1,1,0,1,1,1,1,1,1,1,1,1,1,1,0,1,1,0,0,0,1,0,1,1,1,1
1,1,1,1,1,0,1,1,0,1,1,1,0,0,1,1,1,1,1,0,0,a4,1,1,1,a2,1,1,1,1,1,1,0,0,1,1,1,0,1,0,1,1,1,1,1,1,1,1,0,1,0,1,0,1,0,1,1,1,1,1,1,0,1,0,1,1,1,1,1,1,1,1,0,1,1,1,1,1,0,1,0,1,2,1,1,a2,2,1,2,1,1,1,0,2,2,2,1,0,1,1,2,2,2,1,0,2,1,0,1,1,1,1,1,1,1,1,1,1,1,1,1,0,a1,0,0,1,0,1,1,1,1,1,1,0,1,0,1,0,1,1,1,0,1,1,1,1,1,0,1,1,1,1,0,1,1,1,1,1,1,1
1,1,1,0,1,1,0,1,1,1,1,1,1,0,1,1,1,1,1,1,1,a4,0,1,1,a2,1,0,1,0,0,1,0,1,1,1,1,1,1,0,1,1,1,1,1,0,1,0,1,0,1,1,0,1,1,0,1,1,1,1,1,1,1,1,1,0,0,1,1,0,1,0,1,1,1,1,1,1,0,2,1,1,1,2,1,b2,0,2,2,1,1,1,2,0,1,2,1,2,1,0,1,0,1,1,2,1,2,1,1,1,1,1,1,0,1,1,1,0,1,0,1,1,a1,0,1,1,0,1,1,1,1,1,1,1,1,1,1,1,0,1,1,1,1,1,1,0,1,0,0,1,0,1,1,1,1,1,1,1,1,1
1,1,0,1,0,1,1,0,1,1,1,1,1,1,1,1,1,0,1,0,1,a4,0,1,1,a2,0,1,1,1,1,1,0,1,0,1,1,1,1,1,1,0,1,1,0,1,1,1,1,1,1,0,1,1,1,1,1,1,1,0,0,1,1,1,1,1,1,0,0,1,1,1,0,1,1,1,1,2,2,1,1,1,2,1,1,b2,1,2,0,0,0,1,1,1,2,1,2,1,2,2,1,2,1,2,1,2,2,0,0,1,1,1,1,1,1,1,1,0,1,1,1,1,a1,1,1,1,0,1,1,0,1,0,1,1,0,1,1,0,1,1,1,1,1,0,1,0,0,1,1,1,1,1,0,0,1,1,1,0,0,1
1,1,1,1,0,1,1,0,0,0,1,1,0,1,0,1,0,1,1,0,1,a4,1,0,1,a2,1,1,1,1,0,1,1,1,0,1,1,1,0,1,0,1,1,1,1,0,1,1,0,1,1,0,1,1,0,1,1,0,1,1,1,1,1,1,1,1,1,1,1,1,1,1,0,1,1,1,1,1,2,2,0,1,2,1,1,a2,1,1,2,2,2,2,2,0,2,0,1,1,1,1,0,2,2,0,1,2,1,1,1,0,1,1,1,1,1,1,1,1,1,1,0,0,a1,0,1,1,0,1,0,1,0,0,1,0,0,1,1,1,1,1,1,1,1,1,0,1,0,0,1,0,1,1,0,1,0,1,1,1,1,0
0,1,1,1,1,1,1,1,1,1,0,0,1,1,1,1,1,1,1,1,1,a4,1,1,1,a2,1,1,0,0,1,1,1,1,1,1,1,1,0,1,1,1,1,1,1,0,1,0,1,1,1,1,1,1,1,1,1,1,1,1,0,1,1,1,0,1,1,1,1,1,0,1,1,1,1,0,1,1,1,1,1,1,1,0,1,a2,1,1,1,1,1,1,1,1,1,1,1,1,1,1,1,1,0,1,1,1,1,0,1,1,1,1,1,1,1,0,1,1,1,1,1,0,a1,0,1,1,1,1,1,0,0,1,1,1,1,1,0,1,1,0,1,1,0,1,1,1,1,1,1,1,1,0,1,1,1,1,1,1,1,1
1,1,1,1,1,1,0,0,1,1,1,1,1,1,1,1,1,1,1,1,0,a4,0,1,0,a2,1,1,1,1,1,1,1,1,1,0,0,1,0,0,0,1,1,1,1,1,1,1,1,1,1,1,1,1,1,0,1,1,1,1,0,1,0,1,0,1,1,1,1,1,0,1,1,1,1,0,1,1,1,0,0,1,1,0,1,a2,1,1,1,1,1,1,1,0,1,0,0,0,0,1,1,1,1,0,1,1,1,0,0,0,1,1,1,1,1,1,1,1,1,1,0,1,a1,1,1,1,1,1,0,1,1,1,1,1,1,1,1,1,1,1,1,1,1,1,1,1,0,1,0,1,1,1,1,0,0,0,1,1,1,0
1,1,1,1,0,1,1,1,0,1,1,1,1,1,1,0,1,1,1,0,1,a4,1,1,1,a2,1,1,1,1,1,1,0,1,1,1,1,1,0,1,0,1,1,1,0,1,1,1,1,0,1,0,1,1,0,1,1,0,0,1,0,1,1,1,1,1,0,1,1,1,1,1,1,1,1,1,1,0,0,1,1,1,1,0,1,a2,1,1,1,1,1,1,1,1,0,0,1,1,1,0,0,1,0,1,0,0,1,1,1,1,0,1,1,0,1,1,1,0,1,1,1,1,a1,1,1,1,0,1,1,1,1,0,1,1,1,1,1,1,1,1,1,0,1,1,1,1,0,1,1,0,1,1,1,1,1,1,1,1,0,1
1,1,1,0,1,1,1,1,1,1,1,1,1,1,1,1,1,1,0,0,1,a4,1,1,1,a2,0,1,1,1,1,1,1,1,1,1,1,1,0,1,1,1,1,1,1,0,1,1,0,1,1,1,1,1,0,0,1,1,0,1,1,1,1,1,0,1,1,1,1,1,1,0,1,1,1,1,0,1,1,0,1,0,1,1,0,a2,1,0,0,1,1,1,0,1,1,1,1,0,1,1,1,0,1,1,1,1,0,1,1,1,1,1,1,0,1,1,0,1,1,1,1,1,a1,1,1,1,1,1,1,1,1,1,0,1,0,1,0,1,1,1,1,1,0,1,1,1,0,1,0,1,0,0,1,1,1,1,0,1,0,1
1,1,0,1,1,1,1,1,1,1,1,0,0,1,1,1,1,1,0,1,1,a4,1,1,0,a2,0,1,1,1,1,0,0,1,0,0,1,1,0,0,1,1,1,1,1,1,1,1,0,1,1,1,1,1,1,1,0,1,1,1,1,1,1,1,1,1,1,1,1,0,1,0,1,1,0,0,1,1,1,1,0,1,1,1,1,a2,1,1,1,1,1,1,1,1,1,1,1,1,1,1,1,1,1,1,1,1,0,1,1,0,0,1,0,0,1,0,1,1,1,1,1,1,a1,0,1,1,1,0,0,1,1,0,1,1,1,1,1,1,0,1,1,1,0,1,1,1,1,1,1,1,1,1,0,0,0,0,1,1,1,1
0,1,1,1,1,1,0,1,1,0,1,1,1,1,1,1,1,1,0,1,0,a4,1,1,1,a2,1,1,1,1,0,0,1,1,1,0,0,1,1,1,1,1,1,1,1,1,1,1,1,1,0,1,1,1,1,1,1,1,1,1,1,0,1,1,1,1,1,1,1,1,1,1,1,1,1,1,0,0,1,1,1,1,1,1,1,a2,0,1,0,0,1,1,1,1,1,1,1,1,1,1,0,1,1,1,1,1,0,1,0,1,1,1,1,1,1,1,1,1,1,1,1,1,a1,1,1,1,1,1,0,1,1,1,1,1,1,0,0,1,1,1,1,1,1,1,1,1,1,1,1,1,0,1,1,1,1,1,1,1,1,1
1,1,1,1,1,0,1,1,1,1,0,1,1,1,0,1,1,1,1,0,1,a4,1,1,1,a2,1,1,1,1,1,1,1,0,1,0,1,1,1,1,1,1,1,0,0,1,1,1,1,1,1,1,1,1,0,0,1,1,1,0,1,1,1,0,1,1,1,1,1,1,0,1,1,1,1,1,1,1,1,1,1,1,1,0,1,a2,1,1,1,1,1,1,1,0,0,1,1,1,0,1,1,1,0,1,0,1,1,1,0,1,1,1,1,1,1,0,1,1,1,1,1,0,a1,0,0,1,1,1,1,1,1,1,0,0,1,1,0,1,1,0,1,1,0,1,1,0,1,1,1,1,1,1,0,1,0,1,0,1,1,1
1,1,0,0,1,1,1,1,1,1,1,1,1,1,1,1,1,1,1,1,1,a4,1,1,1,a2,1,1,1,1,1,1,0,1,1,1,1,1,1,1,1,1,1,1,1,1,1,1,0,0,1,1,1,1,1,1,1,1,1,1,1,1,1,0,1,1,1,1,1,0,1,1,0,1,1,0,1,0,1,1,0,1,1,1,1,a2,1,0,1,0,1,1,1,1,1,1,1,1,0,0,0,1,1,1,1,0,1,1,1,0,0,1,1,1,0,1,1,0,1,1,1,1,a1,0,0,0,1,1,1,1,0,0,1,0,0,1,1,1,1,1,1,1,0,1,1,1,1,1,1,1,1,1,1,1,0,1,0,1,1,1
1,1,1,1,1,0,1,1,1,1,1,1,1,0,1,1,1,1,1,1,0,a4,1,0,1,a2,1,0,1,1,1,1,1,1,1,0,1,1,1,1,1,1,0,0,1,1,0,1,1,0,1,0,0,1,1,1,1,0,1,0,1,1,0,0,1,1,1,1,1,1,0,0,0,1,0,1,1,1,1,1,1,1,1,1,1,a2,1,1,1,1,1,1,1,1,0,1,0,1,1,1,1,1,0,1,1,1,1,1,1,1,1,1,1,1,1,1,1,0,0,0,0,1,a1,1,1,0,1,1,1,1,0,1,1,1,1,1,0,1,0,0,0,1,1,1,1,1,1,1,1,1,1,1,1,1,0,1,0,1,0,1
1,1,0,1,1,1,0,1,0,1,1,0,1,1,0,1,1,1,1,1,1,a4,1,1,1,a2,1,0,1,1,1,1,0,1,1,1,0,1,0,1,1,1,1,1,1,1,1,1,1,1,1,1,1,1,1,1,1,1,1,1,1,0,1,1,1,1,1,1,1,1,1,1,1,1,1,0,1,0,0,0,1,1,1,1,1,a2,0,0,1,0,1,0,1,0,0,1,0,0,0,0,1,1,1,1,0,1,1,1,0,1,1,1,0,1,1,0,1,1,1,1,0,1,a1,1,0,1,0,1,1,1,1,1,1,1,1,1,1,1,1,1,1,1,1,1,1,0,1,1,1,1,1,0,0,1,1,0,1,1,1,1
1,1,1,1,0,1,1,1,1,0,1,1,1,0,1,1,1,1,1,1,1,a4,1,0,0,a2,1,1,1,1,0,0,1,1,1,1,1,1,1,1,1,0,1,1,1,1,1,1,1,1,1,1,1,1,1,0,1,1,1,1,0,1,1,1,0,1,1,1,1,1,1,1,1,1,0,1,1,1,0,0,1,0,1,1,1,a2,0,0,1,1,1,0,1,1,0,1,0,1,1,0,1,0,0,0,1,1,0,0,1,0,1,1,1,1,1,1,1,1,0,0,1,1,a1,1,0,1,1,1,0,1,1,1,1,1,0,1,1,1,1,1,1,1,1,1,1,0,1,1,1,1,1,0,1,1,1,1,1,1,1,1
1,0,1,1,1,1,1,1,1,0,1,0,1,1,1,1,1,1,1,1,1,a4,1,1,1,a2,1,1,0,0,1,0,1,1,1,0,0,1,1,1,1,0,1,1,1,1,1,1,1,0,1,1,1,0,0,0,1,1,1,1,1,0,1,1,1,a2,a2,a2,a2,a2,a2,a2,a2,a2,a2,a2,a2,a2,a2,a2,a2,a2,a2,a2,a2,a2,1,0,1,1,1,0,0,1,0,0,0,1,1,1,1,1,1,0,1,1,1,1,1,1,1,1,1,1,1,1,1,1,1,1,1,1,a1,1,1,1,1,1,1,1,1,1,0,1,1,1,1,0,1,1,1,1,1,1,1,1,1,1,0,1,0,1,0,1,1,1,0,1,0,0
1,1,1,1,1,1,1,1,1,0,1,1,1,1,1,1,1,1,1,1,1,a4,1,1,1,a2,0,1,1,1,1,1,0,1,1,1,1,1,0,1,0,1,0,1,1,0,1,1,1,0,1,1,1,1,1,1,1,0,1,1,1,0,1,1,1,a2,1,1,1,1,1,1,1,1,1,1,0,1,0,0,1,0,1,1,1,1,1,0,1,0,1,0,1,1,1,1,0,1,1,1,0,1,1,0,1,1,1,1,1,1,1,1,1,1,1,1,1,1,0,1,1,1,a1,0,1,0,1,1,1,0,1,1,1,1,1,0,1,1,1,0,0,1,1,1,1,1,1,1,0,1,1,1,1,0,1,1,1,0,1,0
1,1,1,1,1,0,1,0,1,1,1,1,1,1,1,1,1,1,0,1,1,a4,1,1,1,a2,1,1,0,1,0,1,0,1,1,1,1,0,1,1,0,0,1,1,1,1,1,1,1,1,1,1,0,1,1,1,1,1,1,0,1,0,0,1,1,a2,1,1,1,0,1,0,1,0,0,1,1,0,1,0,1,1,1,1,1,1,1,1,0,1,1,1,1,1,0,1,0,1,1,1,1,1,1,1,1,0,1,1,1,0,0,1,0,0,1,0,0,1,1,1,1,1,a1,1,1,1,1,1,1,0,1,1,0,1,1,1,0,1,1,0,1,1,1,1,1,1,1,1,1,1,1,1,0,1,1,1,1,1,1,0
0,0,1,1,1,1,1,1,1,1,1,1,1,0,1,1,1,0,1,0,1,a4,1,1,1,a2,1,1,0,1,1,1,1,0,0,1,1,1,1,0,0,1,1,1,1,1,1,1,1,0,1,1,1,1,1,1,0,1,1,1,0,1,0,1,0,a2,0,1,0,1,1,0,1,1,1,1,1,1,0,1,0,1,1,1,1,1,1,1,1,1,1,1,1,1,0,1,1,1,0,0,1,1,1,1,1,1,1,1,0,1,1,1,1,1,1,1,1,1,0,1,1,0,a1,0,1,1,1,0,0,0,1,1,0,1,1,1,0,1,1,0,1,1,1,1,1,1,0,0,1,1,1,1,1,1,1,1,0,1,0,1
1,1,1,1,1,1,0,0,1,1,1,1,1,1,1,1,1,1,1,1,1,a4,0,0,1,a2,1,1,1,0,1,1,1,1,1,1,0,1,1,1,1,1,1,1,1,1,1,0,1,1,1,1,1,1,1,0,0,1,1,1,1,1,1,1,1,a2,1,1,1,0,1,1,0,1,1,0,1,1,1,1,1,1,1,1,1,1,1,1,0,1,1,1,1,1,1,1,0,0,1,0,1,1,1,1,1,1,1,1,1,1,1,0,1,1,0,1,1,1,1,0,1,1,a1,1,1,1,1,1,1,1,0,1,1,1,1,0,1,1,1,1,0,1,1,1,1,1,1,1,1,1,0,1,1,1,1,0,1,1,1,1
1,0,1,0,1,0,1,1,1,1,1,1,1,1,1,0,1,1,0,0,0,a4,1,1,1,a2,1,1,1,1,0,1,1,1,1,1,1,1,1,1,1,0,1,0,1,1,1,0,1,1,0,1,1,1,0,1,1,1,1,0,1,1,1,1,1,a2,0,0,0,1,1,1,1,0,1,1,1,1,1,0,1,0,1,0,1,1,0,1,0,1,1,1,1,1,1,1,1,1,0,1,1,1,1,1,1,1,1,1,1,1,1,1,1,1,1,1,1,1,1,1,1,0,a1,1,0,1,0,1,1,0,1,0,1,1,0,1,1,1,0,1,1,1,1,1,1,1,1,1,1,1,1,1,1,1,1,1,1,1,1,1
1,2,0,1,2,2,0,1,0,0,2,2,1,0,1,1,1,2,1,1,0,a4,0,0,1,b2,0,2,2,1,2,0,1,1,1,1,0,0,1,1,1,1,1,1,1,0,1,1,0,0,1,1,1,1,1,1,1,1,1,1,0,0,1,0,0,a2,0,1,1,1,1,0,1,1,1,1,1,1,0,1,1,1,1,1,0,1,0,1,1,0,1,0,1,1,1,0,1,1,0,1,1,1,0,1,1,0,1,1,1,1,1,1,1,1,1,1,1,1,1,0,1,1,a1,1,1,0,1,1,1,1,0,1,1,0,1,0,1,1,0,0,1,1,1,1,1,0,1,0,0,1,1,1,1,1,1,1,0,1,1,0
1,2,1,2,0,1,0,0,1,2,1,0,2,2,1,0,2,2,2,1,1,a4,2,2,1,a2,1,1,2,2,0,1,1,1,1,0,1,1,1,1,1,0,1,0,1,1,1,1,1,1,1,1,1,1,1,1,1,1,1,1,1,1,1,1,1,a2,1,0,1,1,0,1,1,0,1,1,1,1,1,1,1,0,1,1,1,1,1,0,1,0,1,1,0,0,0,1,1,1,1,0,0,1,1,0,1,1,1,1,1,0,1,1,1,1,1,1,1,1,1,1,1,1,a1,1,1,0,0,0,1,1,1,1,1,1,1,1,1,1,1,1,1,1,1,1,1,1,1,1,0,0,1,1,1,0,1,1,1,0,1,1
1,2,1,2,0,0,1,1,0,1,1,0,0,2,1,1,2,2,1,1,2,a4,2,2,2,a2,0,2,0,1,1,1,1,1,1,1,0,0,1,1,1,1,1,1,0,0,1,1,0,1,1,1,1,1,1,1,1,1,1,1,1,1,1,0,0,a2,1,1,1,1,0,1,1,1,1,1,1,1,1,1,1,1,1,2,1,2,2,2,2,2,1,2,1,1,2,2,0,2,2,2,1,2,0,2,2,1,1,1,1,0,1,2,1,1,1,1,1,1,1,1,1,0,a1,1,1,1,1,1,0,1,0,1,1,1,1,1,1,0,1,1,1,1,1,1,1,0,1,0,1,1,1,1,0,1,1,1,0,1,1,1
1,1,1,2,1,2,0,2,2,1,0,1,0,1,0,1,1,0,2,2,1,b4,1,2,2,a2,1,1,1,2,2,2,0,0,1,1,1,1,0,1,1,1,1,1,1,1,1,1,1,1,0,1,1,1,1,1,1,1,1,1,1,1,0,1,1,a2,1,1,1,1,0,1,1,1,1,1,1,1,1,1,0,1,2,1,1,2,1,0,1,1,0,1,0,1,1,2,2,1,2,1,2,2,2,1,1,1,2,1,2,2,1,2,1,1,1,0,1,1,0,1,1,0,a1,1,1,1,1,1,0,1,1,1,1,1,1,1,1,1,1,1,1,0,0,0,1,1,1,1,1,0,1,1,1,1,0,1,1,1,1,1
1,1,1,0,2,1,1,2,1,2,0,1,1,1,1,0,2,1,1,2,1,a4,2,2,2,b2,1,2,2,2,2,2,0,0,1,1,1,1,1,1,0,1,1,0,0,1,1,1,1,0,1,0,1,1,1,1,1,1,1,1,0,1,0,1,1,a2,0,1,1,1,1,1,1,1,0,1,1,1,1,1,1,1,2,2,2,2,1,2,0,2,2,2,1,2,0,1,2,2,1,1,2,1,2,2,2,1,0,1,0,1,2,2,0,1,1,1,1,1,1,1,1,0,a1,0,1,0,0,1,1,1,1,1,1,1,1,0,1,1,1,1,1,0,1,0,1,1,1,1,0,1,0,1,0,1,1,0,1,1,1,1
1,2,1,2,1,2,1,1,2,1,1,2,1,0,2,1,1,0,1,2,1,b4,2,1,2,a2,2,0,2,2,1,0,1,0,1,1,1,0,1,0,0,1,0,1,1,1,1,1,1,0,1,1,0,0,1,1,1,0,1,1,1,0,1,1,1,a2,1,1,1,1,1,1,1,1,1,1,1,0,0,0,1,1,1,2,1,2,1,0,2,2,2,1,1,1,2,1,0,0,0,2,1,1,0,1,1,2,0,2,1,2,1,1,0,1,1,1,1,0,1,0,1,0,a1,1,1,1,0,1,1,1,1,1,1,1,1,1,1,1,1,0,1,1,1,1,1,1,1,1,1,0,0,1,1,0,1,1,1,1,1,1
1,1,1,1,0,1,0,1,0,2,2,1,1,2,1,1,0,1,1,0,0,b4,2,2,1,b2,1,1,1,2,2,2,0,1,1,1,1,0,0,1,1,1,1,1,1,1,1,0,1,1,0,1,1,1,1,1,1,0,1,1,1,1,1,0,1,a2,1,1,1,1,1,1,0,1,1,1,1,0,1,0,1,1,0,2,1,2,0,0,2,1,2,1,1,0,1,2,1,1,1,2,1,1,2,1,0,2,2,0,1,1,1,2,2,1,1,1,1,1,0,1,1,0,a1,0,0,1,1,1,1,1,0,1,0,0,1,1,0,0,1,1,1,1,1,1,1,1,1,1,0,1,1,1,0,1,1,1,0,1,1,1
1,1,0,1,2,2,1,2,1,0,1,2,1,2,1,1,0,2,2,2,1,b4,1,2,2,a2,1,0,2,2,1,0,0,1,0,0,1,1,1,1,1,1,0,1,1,1,1,1,0,0,1,0,0,0,1,1,0,1,1,1,1,1,1,1,0,a2,1,1,1,1,1,1,1,0,1,1,0,1,0,1,1,1,1,1,2,1,2,1,2,0,1,1,1,2,1,1,0,1,2,1,1,2,1,0,1,0,1,0,1,2,2,1,1,1,1,1,1,1,0,1,1,1,a1,1,1,1,0,0,1,0,1,1,1,0,1,1,1,1,1,0,0,1,0,1,1,1,1,1,1,1,1,1,1,1,1,0,1,1,1,1
1,1,2,0,1,0,2,0,2,1,2,2,1,0,2,1,1,1,1,1,1,a4,2,1,1,b2,1,1,1,2,1,2,1,1,1,1,0,1,0,1,0,1,1,1,1,1,0,1,1,1,0,1,0,1,0,1,1,1,1,2,0,1,2,0,2,a2,1,1,0,2,2,0,1,2,2,2,1,0,2,2,2,1,2,1,2,0,2,2,0,2,2,0,1,2,1,2,1,2,0,1,1,1,2,1,1,1,0,1,0,0,2,1,1,1,1,1,1,1,1,1,1,0,a1,1,1,1,1,1,1,1,1,1,1,1,1,1,1,1,0,0,1,1,1,1,1,0,0,0,1,1,1,1,1,0,1,0,1,1,1,1
1,1,2,1,1,2,2,1,2,2,1,2,2,1,1,1,2,2,2,2,1,b4,2,2,0,b2,0,2,1,2,1,1,1,0,1,1,1,1,1,0,1,0,1,1,1,1,1,1,1,0,0,1,1,1,0,1,1,1,2,2,2,2,0,2,1,b2,1,2,0,2,0,2,0,0,2,2,1,1,1,1,0,1,2,0,2,1,2,2,1,2,0,0,2,2,2,1,1,2,1,0,0,0,1,2,1,2,2,2,2,2,2,2,1,0,1,1,1,1,0,1,1,1,a1,1,0,1,0,1,0,0,1,1,1,0,0,0,1,1,1,1,1,1,1,0,0,1,1,1,0,1,1,1,1,1,1,1,0,1,1,1
1,2,1,2,1,2,1,2,2,0,2,2,2,2,2,2,1,1,1,2,2,b4,2,1,1,a2,1,1,0,0,1,0,1,1,1,1,1,1,1,1,1,0,0,1,1,1,1,0,1,1,1,0,1,0,1,1,2,1,1,0,2,1,1,0,0,b2,0,1,2,1,2,2,2,1,0,2,1,2,1,0,1,0,0,1,2,0,1,2,1,2,1,2,2,1,2,0,0,1,1,0,0,2,2,2,1,2,1,2,0,1,0,1,1,1,1,1,1,1,1,1,0,1,a1,1,1,1,1,0,1,1,1,1,1,1,1,1,1,0,1,1,0,1,0,1,1,1,1,0,1,1,1,1,0,1,0,1,1,1,1,1
1,1,1,1,2,2,1,1,1,2,1,0,1,2,2,1,2,2,1,0,1,b4,0,1,1,a2,0,2,1,2,1,0,1,0,1,1,0,1,0,1,0,1,0,0,1,1,1,1,1,1,0,1,1,1,1,1,2,1,1,2,0,1,1,0,1,a2,1,1,2,2,0,1,2,1,1,1,2,2,1,2,0,1,2,2,0,2,2,2,2,0,2,0,2,0,2,2,1,2,1,2,1,1,2,2,2,1,2,2,2,0,1,2,0,1,0,1,1,1,1,1,1,1,a1,0,1,1,0,0,0,1,0,1,1,0,1,1,1,1,1,1,0,0,1,1,1,1,1,1,1,1,1,1,0,1,1,0,1,1,1,1
1,0,1,1,2,1,2,2,2,0,1,2,2,1,1,2,1,1,1,1,0,b4,2,1,2,b2,2,0,2,1,1,1,1,1,0,1,1,1,1,1,0,1,1,1,1,1,1,1,0,1,1,1,1,1,1,1,1,0,1,1,2,2,2,2,0,a2,1,1,2,1,2,2,1,0,1,1,0,2,2,1,2,2,2,2,2,2,2,2,1,2,0,1,2,1,2,1,2,0,1,0,1,1,1,2,0,0,2,2,2,0,1,1,1,1,1,0,0,1,1,1,1,1,a1,1,1,1,1,1,1,0,0,1,1,1,1,0,1,1,0,1,0,1,1,1,1,1,0,1,1,1,1,1,1,1,1,0,1,1,1,0
1,1,1,0,2,2,1,2,1,1,1,1,1,1,0,1,0,1,1,1,0,a4,1,1,0,b2,2,1,1,2,1,2,1,1,0,1,1,1,1,1,0,1,1,1,1,1,1,1,0,1,1,1,1,1,1,0,2,1,1,1,1,0,2,2,0,b2,2,2,2,2,1,1,1,1,1,0,1,0,1,0,1,0,2,2,2,1,1,1,1,2,2,1,2,2,2,1,2,2,2,1,1,2,0,2,2,0,2,2,0,2,2,2,2,1,1,1,1,1,0,0,0,1,a1,1,1,0,1,1,1,0,1,0,0,1,1,1,1,1,1,1,0,1,1,1,0,1,1,1,0,1,1,0,1,1,1,1,0,1,1,1
0,2,0,1,1,0,0,1,0,2,0,2,1,0,1,2,2,2,2,1,0,b4,2,2,0,a2,a2,a2,b2,a2,b2,b2,a2,a2,a2,a2,a2,a2,a2,a2,a2,a2,a2,a2,a2,a2,a2,a2,a2,a2,a2,a2,a2,a2,a2,a2,a2,b2,a2,a2,b2,a2,b2,b2,a2,b2,2,0,1,2,2,1,1,1,2,2,2,0,1,1,2,1,1,2,2,2,2,2,2,0,2,2,2,2,2,0,0,2,1,0,2,2,2,2,1,1,2,2,0,1,0,2,2,1,1,0,0,1,1,1,1,1,a1,1,1,1,1,0,1,1,1,1,1,0,1,1,1,1,0,0,1,1,0,1,1,1,1,1,0,1,1,1,1,1,1,1,1,1,1,1
0,2,1,1,1,2,0,2,2,2,2,0,0,0,0,0,1,0,2,2,1,a4,0,1,1,2,1,1,1,2,2,1,1,1,1,0,1,1,1,0,1,0,1,1,0,1,1,1,1,1,1,1,1,1,1,1,1,1,2,0,2,2,2,0,2,1,1,2,1,1,1,0,1,1,2,1,2,1,1,1,1,1,0,1,0,2,2,0,1,2,2,1,2,2,0,1,0,2,2,1,1,2,1,1,2,0,1,0,1,2,1,1,2,1,1,1,1,1,1,1,1,0,a1,1,0,0,0,1,1,0,1,0,1,1,1,1,1,1,0,0,1,1,0,0,1,1,1,1,1,1,1,1,1,0,1,1,0,1,0,1
1,1,1,0,2,0,2,0,2,1,0,1,1,2,1,1,2,0,2,0,0,a4,1,2,0,1,2,2,0,0,1,2,1,1,1,0,1,1,0,1,1,0,1,1,1,1,1,1,1,0,0,1,1,1,1,1,1,1,1,2,0,0,1,0,0,1,1,0,2,2,2,2,1,0,2,2,0,0,0,0,2,2,0,0,2,2,0,2,2,2,2,2,0,2,2,2,2,1,2,2,1,2,1,0,1,1,1,1,1,1,2,1,1,0,0,1,0,0,0,1,1,1,a1,1,0,1,1,1,1,1,0,0,1,1,1,1,1,1,1,1,1,1,1,1,1,1,0,1,0,0,1,0,1,0,1,1,0,1,1,0
0,2,2,1,2,2,1,1,2,1,1,0,2,2,2,0,1,2,1,2,2,b4,0,2,0,2,0,2,1,2,0,2,1,1,1,1,1,1,1,0,1,1,1,1,1,1,1,0,1,1,1,1,1,0,1,1,2,1,2,0,1,2,1,2,2,0,0,1,0,1,2,2,2,2,2,1,2,0,0,1,1,2,2,2,0,1,0,1,2,0,0,1,2,2,0,1,2,0,0,2,1,2,2,1,1,1,2,2,0,1,2,2,1,1,1,0,0,1,1,1,1,1,a1,1,1,1,0,0,1,0,1,1,1,1,1,1,1,0,1,1,1,1,1,1,1,1,1,1,1,1,1,1,1,0,1,1,1,1,1,1
1,2,0,2,1,1,0,2,1,1,2,0,1,2,1,2,0,1,1,2,2,b4,2,1,2,1,1,0,1,2,1,2,1,1,1,1,1,1,0,1,1,1,1,1,1,0,1,1,1,1,0,0,1,1,1,1,2,2,1,1,2,2,0,2,0,0,2,2,1,2,2,2,1,2,1,2,1,0,2,1,0,2,2,2,2,2,2,2,2,0,1,2,1,2,2,2,2,2,0,0,2,0,2,1,2,2,1,0,2,0,2,1,1,1,1,1,0,1,1,1,1,1,a1,1,1,1,1,1,1,1,1,0,1,1,1,1,1,1,1,1,1,1,1,1,1,0,1,1,1,1,1,1,1,0,1,1,1,1,0,1
1,1,1,1,2,0,0,0,1,2,1,2,1,1,2,2,1,0,0,1,1,a4,2,1,1,0,2,2,2,2,0,2,1,1,1,1,1,1,0,1,0,1,1,1,1,1,1,1,1,1,1,1,0,1,1,1,1,1,2,1,1,2,2,2,1,0,0,1,2,2,2,2,2,2,1,2,1,2,0,2,2,2,2,2,2,2,2,2,2,0,2,1,0,1,2,2,2,2,2,2,1,1,1,1,1,2,1,1,0,2,1,2,2,1,1,1,1,1,1,1,1,1,a1,1,1,1,1,0,0,1,1,1,1,1,1,1,0,0,1,1,0,1,1,1,1,1,1,1,0,1,1,1,0,1,1,1,0,1,1,1
1,1,1,1,0,2,1,0,1,1,1,2,1,1,2,1,1,2,0,2,2,b4,2,2,2,1,2,2,2,2,2,2,0,1,1,1,1,1,1,1,1,0,1,0,1,1,1,1,0,1,0,1,1,0,1,1,1,2,1,1,1,2,1,0,2,1,1,2,1,2,0,2,0,2,2,2,2,2,0,2,2,2,0,2,0,2,2,0,2,2,1,2,1,2,2,1,2,2,2,2,0,1,2,1,1,2,2,1,2,1,2,2,0,1,0,1,0,1,0,1,1,1,a1,1,1,1,1,1,0,1,1,1,0,1,1,1,1,1,1,1,1,1,1,1,1,1,1,1,1,1,1,1,0,1,1,1,1,1,1,1
1,1,0,2,2,1,1,2,2,1,1,1,2,2,0,1,0,1,0,2,2,a4,1,0,2,2,1,1,1,2,2,0,1,1,1,1,1,1,1,1,1,1,1,1,1,1,1,1,0,1,1,1,1,1,1,1,1,2,0,0,1,0,0,2,2,0,1,2,1,0,1,2,2,2,0,2,2,2,2,2,0,0,1,2,0,2,2,2,2,2,2,2,2,0,0,2,2,2,2,2,1,0,1,1,0,0,2,1,1,2,1,2,2,1,1,0,0,1,1,1,1,1,a1,1,1,1,0,1,1,1,1,1,0,1,1,1,0,1,1,1,1,1,1,1,0,1,1,1,1,1,1,1,1,1,1,1,1,1,1,1
1,0,1,1,2,0,0,1,2,2,1,1,1,1,1,1,1,2,0,0,2,b4,2,2,2,1,1,2,1,0,1,0,1,0,0,1,1,1,1,1,1,1,1,1,1,1,1,1,1,1,0,1,0,1,1,1,2,0,1,0,1,1,1,2,1,1,2,2,0,2,1,2,2,2,1,2,1,2,0,2,2,0,2,2,1,2,2,0,0,2,2,1,0,2,1,2,1,2,2,2,2,2,2,2,2,1,2,1,1,2,2,2,0,0,1,1,1,1,1,1,1,0,a1,1,1,1,1,1,0,0,0,1,1,0,1,1,0,1,1,1,0,1,1,1,1,1,1,1,1,0,1,1,1,1,1,0,1,1,1,1
1,0,1,2,1,2,1,2,2,1,1,0,2,1,1,0,0,2,0,1,1,a4,2,1,2,2,1,1,2,1,1,1,1,1,1,1,1,1,1,1,1,1,1,0,1,1,0,0,1,1,1,1,1,1,1,1,2,0,1,1,2,1,1,2,1,1,1,2,1,2,2,0,0,0,1,1,1,2,2,2,0,2,2,2,2,2,1,1,1,2,0,0,0,2,2,1,0,1,2,2,1,1,0,1,1,1,1,0,2,2,1,0,1,1,1,0,1,1,0,1,1,1,a1,1,1,0,1,1,1,1,1,1,1,1,1,1,1,1,1,0,1,0,1,1,1,0,1,1,1,1,1,1,1,1,1,1,1,1,0,1
1,1,1,2,1,1,0,1,1,2,1,2,1,2,1,2,1,2,0,2,2,b4,2,1,1,1,0,2,2,0,2,2,1,1,1,1,1,1,1,1,1,1,1,0,1,1,1,1,1,1,1,1,1,0,0,1,1,2,1,1,2,2,0,2,1,2,2,1,2,2,1,2,2,0,2,2,2,0,0,2,2,1,2,0,2,2,0,1,2,1,1,2,2,1,2,1,0,2,0,0,2,2,2,1,2,1,1,1,1,2,1,2,0,1,1,1,1,1,1,1,1,0,a1,1,1,0,1,0,1,1,1,1,0,1,1,1,1,1,0,0,1,1,1,0,0,0,0,0,1,1,1,0,1,1,1,1,1,1,0,1
1,2,2,1,1,1,1,1,0,2,0,2,0,0,2,1,2,2,1,1,2,b4,2,2,0,1,1,0,1,0,0,1,0,1,1,1,1,0,1,1,1,1,0,1,1,1,1,1,0,0,1,1,1,1,1,0,1,1,2,1,1,2,1,0,2,1,1,2,1,2,2,0,2,2,2,2,2,0,2,0,2,2,2,2,1,0,2,1,2,1,2,2,2,0,2,0,0,2,2,2,1,2,1,0,2,1,2,2,2,2,2,1,2,0,1,1,0,1,0,1,1,1,a1,1,1,1,0,0,1,1,0,1,1,1,1,1,0,0,1,1,1,1,1,1,1,0,1,1,1,1,1,1,1,1,1,1,1,0,1,1
1,2,2,1,0,2,0,1,1,0,0,0,2,1,1,2,0,2,1,2,1,a4,1,0,2,1,1,1,0,2,2,2,0,1,1,1,0,1,1,0,1,1,1,1,1,1,1,1,1,1,1,1,1,1,1,1,2,1,2,2,1,1,2,1,1,0,2,1,2,2,2,2,2,2,2,2,0,1,2,2,2,2,2,2,2,2,2,2,2,0,0,2,2,2,2,2,0,2,0,2,0,2,2,2,2,2,0,1,1,1,2,2,2,1,1,1,0,0,1,0,1,1,a1,1,1,1,1,1,1,1,1,1,1,0,1,1,1,1,1,1,1,0,1,1,1,1,1,0,1,0,1,1,1,1,1,0,1,1,1,1
0,1,1,1,2,2,1,0,2,1,2,2,1,1,1,0,1,2,2,2,1,a4,0,2,0,1,1,1,1,1,2,1,1,0,1,1,0,1,1,0,1,1,0,1,0,1,1,1,0,1,0,1,0,1,1,1,1,1,1,0,0,2,1,2,1,0,2,2,2,2,2,2,0,0,0,0,1,1,2,1,0,2,2,2,0,0,2,0,1,0,1,2,2,2,0,0,2,0,2,0,1,1,1,0,2,1,2,2,1,1,1,2,2,1,1,1,1,1,1,1,1,1,a1,1,1,1,0,0,0,1,0,1,1,1,1,0,1,0,1,1,1,0,1,1,1,1,1,1,0,0,1,1,1,1,0,1,1,1,1,1
1,0,1,1,2,0,0,0,1,1,1,0,2,1,1,1,0,1,2,1,0,a4,1,2,1,2,2,2,0,0,2,1,1,0,1,1,1,1,0,1,0,1,1,1,1,0,0,1,1,1,1,1,1,1,1,1,0,0,2,1,1,1,1,0,1,2,2,2,1,2,2,1,0,1,2,2,1,2,2,1,0,2,0,0,1,2,2,2,2,2,2,1,2,1,2,2,2,2,1,2,1,2,2,1,1,1,1,1,1,0,0,1,2,1,0,1,1,0,1,1,0,1,a1,1,1,1,1,1,1,1,1,1,0,1,1,1,0,1,1,1,1,1,0,1,1,1,1,1,1,0,1,0,1,1,1,0,1,1,1,0
0,0,1,2,1,2,2,2,2,2,0,1,1,1,2,1,1,1,0,2,0,a4,1,1,2,2,1,0,0,2,2,1,1,0,1,1,1,1,1,1,1,1,0,1,1,1,1,0,1,0,1,1,1,0,0,1,2,2,2,2,1,1,2,2,1,2,2,2,2,2,2,2,1,2,1,2,2,0,2,0,0,2,2,2,0,2,0,2,2,2,1,2,2,2,2,1,2,2,2,2,0,1,2,0,1,2,1,1,2,1,1,1,0,1,1,1,1,1,1,1,1,1,a1,0,0,1,1,1,1,0,1,1,1,1,0,1,0,1,1,1,1,1,1,1,1,1,1,0,1,1,1,1,1,0,1,1,1,1,1,1
1,1,2,1,2,2,0,0,2,1,1,1,0,0,1,2,2,1,2,1,0,b4,0,1,1,1,0,0,1,2,2,0,0,1,1,1,1,1,1,1,1,1,0,1,0,1,0,0,1,0,1,0,0,1,1,1,1,1,1,1,0,2,1,1,1,0,1,1,1,2,2,0,2,0,2,0,1,2,2,2,0,2,0,2,1,2,2,1,1,0,2,2,1,2,2,0,2,1,2,0,0,1,1,1,0,1,1,2,1,1,2,2,2,1,1,0,1,1,1,1,0,1,a1,0,1,1,1,1,1,1,0,1,1,1,1,1,0,1,1,1,1,1,1,1,1,0,1,1,1,1,1,0,1,1,1,1,1,0,0,1
1,1,1,1,1,1,1,1,1,1,1,1,1,1,1,1,0,0,1,1,1,a4,1,1,1,1,0,1,1,1,1,1,1,0,1,1,1,1,1,1,1,0,1,1,1,1,1,1,1,1,0,1,0,1,0,1,2,2,2,2,0,0,2,1,2,2,0,1,2,2,2,2,1,2,2,2,2,2,2,2,1,2,2,2,2,2,2,2,2,2,2,2,2,2,2,0,2,2,1,1,2,1,2,0,0,2,1,0,2,0,0,0,1,1,1,1,1,1,1,1,1,1,a1,1,0,1,0,1,1,0,1,1,1,1,0,1,0,0,1,1,0,1,1,1,1,1,1,1,1,1,0,1,1,0,1,0,0,1,1,1
1,0,1,1,1,1,1,1,1,1,1,1,0,1,1,1,1,1,1,1,1,a4,1,1,1,1,1,1,1,0,1,1,0,1,1,1,1,1,1,1,1,1,1,0,1,1,1,0,1,0,1,0,0,1,0,1,2,2,0,2,2,1,1,2,1,1,2,1,2,2,2,2,2,1,0,2,2,2,2,0,0,0,2,2,1,1,0,2,2,2,0,2,0,1,2,2,1,2,1,2,2,1,1,0,2,2,1,2,1,0,1,1,2,1,1,1,0,1,1,1,1,1,a1,1,0,1,1,1,1,0,1,1,1,1,1,1,0,1,1,1,1,1,0,1,1,0,1,1,1,1,1,1,1,1,1,1,0,1,1,1
1,1,1,1,0,1,1,0,1,1,1,1,1,0,0,1,1,1,1,1,1,a4,1,0,1,1,1,1,1,1,1,1,1,0,1,1,1,1,1,1,1,1,1,0,1,1,1,1,1,0,1,1,1,1,1,1,2,2,2,2,0,1,1,0,2,1,1,1,1,2,2,0,2,2,2,2,2,2,0,2,1,2,2,0,1,0,2,0,1,1,1,1,1,2,1,1,2,1,2,2,1,1,1,1,1,1,1,1,1,1,0,1,1,1,1,1,1,1,0,1,1,0,a1,1,1,1,1,0,2,0,0,0,2,1,1,2,0,2,1,2,0,1,2,1,1,1,1,2,1,1,0,2,2,1,2,0,0,0,1,1
a4,a4,a4,a4,a4,a4,a4,a4,a4,a4,a4,a4,a4,a4,a4,a4,a4,a4,a4,a4,a4,a4,1,1,1,1,1,1,1,1,1,0,1,1,1,1,0,1,0,0,1,1,1,1,1,1,1,1,0,1,0,1,0,0,1,1,0,1,2,1,2,2,2,1,2,0,2,1,2,2,2,1,0,1,2,2,1,1,0,2,2,1,2,2,1,2,2,0,2,2,2,0,0,2,2,2,0,2,0,2,1,0,1,1,1,1,1,1,1,0,1,1,1,1,1,1,1,1,1,1,0,1,a1,1,1,1,0,1,2,2,1,1,2,1,1,2,0,1,1,2,1,2,2,2,2,2,0,2,1,0,1,1,0,2,1,1,1,0,1,1
1,1,1,1,1,1,1,0,1,1,0,1,1,1,1,1,1,1,1,1,1,1,1,1,1,0,1,1,0,1,1,1,1,1,0,1,0,1,1,1,1,0,0,1,0,1,1,1,0,1,1,1,1,0,1,1,1,2,2,1,1,1,2,1,0,1,2,0,0,2,0,1,2,2,2,0,2,2,0,0,2,2,2,1,2,2,2,1,1,1,2,0,0,2,0,0,2,0,1,0,1,1,1,1,0,1,1,0,0,0,1,0,1,1,1,1,1,1,1,1,1,1,a1,1,1,1,1,1,2,2,0,0,2,0,1,2,1,2,2,1,1,1,0,0,2,0,0,1,1,2,0,2,0,2,2,0,2,2,1,1
1,0,1,0,1,1,1,1,1,0,1,0,1,1,1,1,0,1,1,0,1,1,0,1,1,1,1,1,1,1,0,1,1,1,1,1,0,0,1,1,1,1,1,1,0,0,1,1,1,1,0,1,0,1,0,1,1,2,2,2,2,2,1,2,1,2,2,1,0,0,2,0,2,2,2,0,1,2,2,2,2,2,2,2,2,1,0,1,2,2,0,2,2,0,1,1,0,2,2,2,1,1,1,1,1,1,0,1,1,1,1,1,1,1,1,1,1,1,1,1,1,1,a1,1,0,1,1,2,1,2,2,1,2,2,1,0,2,1,2,1,2,2,1,2,0,0,1,2,2,2,2,1,2,2,1,1,1,2,1,1
1,1,0,1,0,1,1,1,0,1,1,1,0,1,0,1,1,1,1,0,0,1,0,1,1,0,1,1,1,1,0,1,1,1,1,1,0,1,1,1,1,1,1,1,0,0,1,1,0,1,0,1,1,0,1,1,1,2,1,0,1,0,1,1,2,2,2,2,1,0,1,2,2,2,2,1,1,2,2,0,2,2,0,2,2,2,1,2,1,2,1,2,2,2,1,1,1,1,2,0,1,0,1,1,1,1,0,1,1,1,1,0,1,1,0,1,1,1,1,0,0,0,a1,1,0,0,0,0,1,2,0,0,1,0,2,2,2,2,2,2,0,1,0,1,2,1,0,2,1,1,1,1,2,2,2,2,1,2,1,1
1,1,0,1,0,1,1,1,0,1,1,1,1,1,1,1,1,1,1,1,1,1,1,1,1,1,1,1,0,1,1,1,1,0,0,0,1,1,1,1,0,1,0,1,1,1,1,1,1,1,0,0,1,1,1,1,2,2,1,0,0,2,0,2,1,2,2,2,2,1,0,2,2,2,0,2,0,1,2,2,1,1,2,2,2,0,2,0,2,2,1,1,2,2,1,2,1,1,0,2,0,1,0,0,1,1,1,1,0,1,0,1,1,1,1,1,1,1,0,1,1,0,a1,1,1,1,1,2,2,1,1,1,1,2,1,2,1,2,2,1,1,1,2,2,1,1,1,1,2,1,0,0,0,0,1,2,1,1,1,1
1,1,1,1,1,0,1,0,1,1,1,1,1,0,0,1,1,1,0,1,1,1,1,1,0,1,1,1,0,1,1,1,1,1,1,1,1,1,1,0,1,1,1,1,0,1,1,1,1,1,1,1,0,1,0,1,1,1,1,1,0,1,0,0,1,1,1,1,0,2,1,0,2,2,1,2,1,0,1,1,1,1,0,1,1,1,1,1,1,1,2,2,0,0,2,1,1,2,0,1,1,0,0,1,0,1,1,1,1,0,1,1,1,1,1,1,1,1,1,0,1,1,a1,1,1,0,1,1,2,1,1,2,0,0,0,2,1,2,1,0,2,1,0,1,1,0,0,2,1,0,0,2,2,1,2,0,2,2,1,1
1,1,1,0,1,1,1,1,1,1,0,1,1,1,1,0,1,1,1,1,1,1,0,1,1,1,1,0,1,1,0,0,1,1,1,1,1,0,1,1,1,1,1,1,1,1,1,1,1,1,0,1,1,1,0,1,1,0,1,0,1,1,1,1,1,1,1,1,1,2,0,1,0,1,1,1,1,2,2,1,2,1,0,0,2,2,2,1,0,1,1,2,1,1,2,2,1,2,2,1,1,1,1,1,1,1,0,1,1,1,1,0,1,0,1,1,1,1,0,1,0,1,a1,1,0,1,1,2,2,1,1,0,2,1,2,1,2,2,2,1,2,1,2,2,1,2,1,2,1,1,2,1,0,2,1,1,2,0,1,1
1,1,1,1,1,1,0,1,1,1,1,1,1,1,1,0,1,0,1,1,1,0,0,1,1,1,1,1,1,1,1,1,1,1,1,1,1,1,1,1,0,1,1,1,1,1,0,0,1,1,1,1,0,1,1,1,1,1,1,1,1,1,1,0,1,1,1,0,1,1,1,1,1,2,1,1,1,1,2,0,1,0,1,1,0,1,0,2,2,2,0,1,1,2,1,2,0,2,2,2,1,1,1,0,1,1,1,1,1,0,1,1,1,0,1,1,1,1,1,0,1,1,a1,1,1,1,0,1,1,2,1,1,0,2,1,1,2,2,2,1,1,0,1,2,2,1,2,1,2,1,1,1,2,0,0,0,2,1,1,0
0,1,1,1,1,1,0,1,1,1,1,1,1,1,0,1,1,1,1,1,1,1,1,1,1,1,1,0,0,1,1,1,1,1,1,0,1,0,1,0,1,1,1,1,1,1,0,1,1,1,1,0,1,1,1,1,1,1,1,0,0,0,0,0,1,1,1,0,0,0,0,0,1,1,0,0,0,2,0,0,1,2,1,1,2,2,2,1,2,0,2,2,1,2,0,1,1,2,2,2,1,1,1,1,1,1,1,1,1,1,1,1,0,1,1,1,1,1,0,1,1,1,a1,1,1,1,0,2,1,0,2,1,1,1,2,1,0,2,1,0,2,1,0,2,1,2,1,2,1,2,2,2,0,1,1,2,1,2,1,0
1,1,1,0,1,1,1,1,1,1,1,1,1,1,0,1,0,1,1,1,1,0,0,1,1,1,1,1,1,1,1,1,1,1,1,1,1,1,1,1,1,1,1,1,1,0,1,1,1,1,1,0,0,1,0,1,1,1,0,1,0,1,1,0,1,1,1,0,1,1,1,2,2,1,1,0,0,1,1,2,2,2,1,1,0,1,2,2,1,2,1,2,1,0,1,2,1,1,2,1,1,1,1,0,1,0,0,1,1,1,1,0,1,1,1,1,1,1,1,1,0,1,a1,0,1,0,1,1,2,2,0,1,2,1,0,2,1,2,1,2,1,1,1,1,2,1,0,1,1,1,1,2,1,2,1,2,2,1,1,1
1,1,0,1,0,1,0,1,1,1,1,1,1,1,1,0,1,0,1,1,0,1,1,1,1,0,0,1,1,0,1,1,0,1,1,1,1,1,1,1,0,1,1,0,1,1,1,1,1,1,1,1,1,1,1,0,0,1,1,0,1,1,1,1,1,1,1,1,1,2,1,0,1,1,2,0,2,0,1,2,0,2,2,1,0,2,1,1,0,1,1,2,0,2,1,2,2,1,1,1,1,0,1,1,1,1,1,1,1,1,1,0,1,0,1,1,0,1,1,1,0,1,a1,0,1,1,0,2,2,1,1,1,0,2,0,0,1,2,2,2,0,2,0,1,2,0,1,2,2,0,0,1,2,0,1,1,2,1,1,1
1,1,1,1,1,1,1,1,1,0,1,1,1,1,1,1,1,1,0,1,1,1,1,1,0,1,1,1,1,1,1,1,0,1,1,1,1,1,1,1,1,1,1,1,1,0,1,1,1,1,0,1,1,1,0,1,1,0,1,1,0,1,1,1,1,1,1,1,0,2,2,1,0,1,1,2,1,1,2,0,1,1,0,2,2,0,2,1,1,2,2,2,1,2,0,1,2,2,1,1,1,1,0,1,0,1,1,1,1,0,1,0,1,1,0,1,1,1,1,1,1,0,a1,1,1,1,1,1,0,1,1,2,1,1,0,1,2,0,0,2,1,2,0,1,0,2,1,1,0,1,0,1,2,2,2,0,2,2,1,1
1,1,1,1,1,1,1,1,1,1,1,1,0,0,1,0,1,0,1,1,1,1,1,0,1,1,1,0,1,1,0,1,1,1,1,1,0,1,1,1,0,1,0,0,1,0,1,1,1,1,0,1,1,1,1,0,0,1,0,1,1,1,1,1,1,0,0,1,1,1,2,2,1,2,1,1,0,2,2,2,2,2,1,2,0,2,0,2,1,2,1,1,2,1,0,0,1,0,2,2,1,1,0,1,0,1,1,1,1,1,1,1,1,1,1,1,1,0,0,1,1,0,a1,1,1,1,1,1,0,0,2,0,2,1,1,2,1,1,1,1,1,1,2,0,2,0,0,2,2,1,2,1,1,0,1,2,1,1,0,0
0,1,1,0,1,1,1,1,1,1,1,0,1,1,1,1,1,0,1,1,1,1,1,1,1,0,1,1,1,1,1,0,0,1,1,0,1,1,1,0,1,1,1,1,1,1,1,0,0,1,1,1,1,0,1,1,1,1,1,1,0,1,1,0,1,0,1,1,1,1,1,1,1,1,1,1,1,1,0,1,1,1,1,0,1,1,0,1,1,1,0,1,1,1,1,1,1,1,1,1,0,1,1,1,1,1,0,1,1,1,1,1,1,1,1,1,0,1,1,1,1,0,a1,1,1,0,1,0,0,2,1,1,2,2,2,2,0,0,0,2,1,0,1,2,2,2,1,1,0,0,1,1,2,1,2,2,2,0,1,1
0,1,1,1,1,1,1,0,1,0,1,1,0,0,1,1,1,1,1,1,1,0,1,0,0,1,1,0,1,1,1,1,0,1,1,1,0,0,1,1,1,1,0,1,1,1,1,1,1,1,0,1,1,1,1,1,0,1,1,1,0,1,1,1,1,0,1,1,1,1,0,1,1,1,1,1,1,1,1,1,0,1,1,1,1,0,0,1,0,0,1,1,1,1,1,0,1,1,1,0,1,0,0,1,1,0,0,1,1,0,1,1,0,1,1,1,0,1,1,1,1,1,a1,0,0,1,1,1,2,2,0,0,0,1,1,2,2,2,0,1,0,1,2,0,0,2,2,1,2,0,1,1,1,2,2,2,1,1,1,1
0,1,0,0,1,0,1,1,0,1,1,0,1,1,1,1,1,1,0,1,1,1,0,1,1,1,1,0,1,1,1,0,1,1,0,1,1,1,1,1,0,1,1,1,0,1,0,1,1,1,1,1,1,1,1,1,1,0,1,0,1,1,0,1,1,0,1,0,1,1,1,1,1,1,1,1,1,1,1,1,1,1,1,1,1,1,1,1,1,1,0,1,0,1,1,0,1,1,1,1,1,1,0,1,1,1,1,1,1,1,0,0,0,1,1,1,1,1,1,1,1,1,a1,1,1,1,1,2,0,2,2,1,1,1,2,2,0,2,1,1,2,1,2,1,2,0,2,2,2,0,1,2,1,2,2,0,1,0,1,1
1,1,1,0,0,1,1,1,0,1,0,0,1,1,1,1,1,0,1,0,1,1,1,1,1,1,1,1,1,1,1,1,1,1,1,1,1,1,1,1,0,1,1,1,1,1,1,1,1,1,1,0,1,1,1,1,1,1,0,1,0,1,1,1,0,1,0,0,1,0,0,1,1,0,0,1,0,1,1,1,0,0,1,1,1,1,1,1,1,1,1,1,0,1,0,1,1,0,1,1,1,0,0,1,1,1,1,1,0,0,1,1,1,1,1,1,1,0,0,0,0,0,a1,1,1,0,0,2,2,2,2,0,0,0,1,0,1,2,1,1,1,1,0,2,2,2,0,2,0,0,1,2,0,1,1,1,1,2,1,1
1,1,1,1,0,1,1,0,1,1,1,1,1,1,1,1,1,1,1,1,0,1,1,1,1,1,1,1,1,1,1,0,1,0,1,1,1,1,1,1,0,1,1,0,1,1,1,0,1,1,0,1,1,0,1,1,1,1,1,1,1,0,1,1,0,1,1,1,1,1,1,0,1,1,1,1,0,1,1,1,1,0,1,1,0,1,1,1,0,1,1,1,1,1,1,1,1,1,0,0,1,1,1,1,0,1,0,1,1,0,1,1,1,1,1,1,1,0,0,1,1,1,a1,1,1,1,1,0,0,1,2,2,2,1,2,0,2,2,2,1,2,2,2,0,2,2,1,1,1,2,1,2,2,0,1,1,1,2,0,1
a3,a3,a3,a3,a3,a3,a3,a3,a3,a3,a3,a3,a3,a3,a3,a3,a3,a3,a3,a3,a3,a3,a3,a3,a3,a3,a3,a3,a3,a3,a3,a3,a3,a3,a3,a3,a3,a3,a3,a3,a3,a3,a3,a3,a3,a3,a3,a3,a3,a3,a3,a3,a3,a3,a3,a3,a3,a3,a3,a3,a3,a3,a3,a3,a3,a3,a3,a3,a3,a3,a3,a3,a3,a3,a3,a3,a3,a3,a3,a3,a3,1,1,0,0,1,1,1,0,1,1,0,1,1,1,1,1,0,1,1,1,0,1,1,1,1,1,1,1,1,1,1,0,0,1,1,0,1,0,1,0,1,a1,1,1,1,1,1,1,2,2,1,1,1,2,1,1,1,1,0,2,2,2,1,0,2,0,0,2,1,2,0,1,2,2,2,1,2,0,1
1,1,1,1,1,0,1,1,1,1,1,1,1,1,0,1,1,1,1,1,1,1,0,1,1,0,1,1,1,1,1,1,1,1,1,1,1,1,1,0,0,1,0,1,1,1,1,0,0,1,0,0,0,1,1,0,1,1,1,0,1,1,1,1,1,0,1,1,0,1,1,0,1,1,1,1,1,0,1,1,a3,1,a1,a1,a1,a1,a1,a1,a1,a1,a1,a1,a1,a1,a1,a1,a1,a1,a1,a1,a1,a1,a1,a1,a1,a1,a1,a1,a1,a1,a1,a1,a1,a1,a1,a1,a1,a1,a1,a1,a1,a1,a1,1,1,1,1,0,2,2,0,1,2,1,2,1,2,0,1,1,2,1,1,1,1,2,2,0,0,1,1,0,2,1,2,2,2,2,1,1
1,1,1,1,0,1,1,1,1,1,1,1,1,1,1,1,1,1,0,1,1,1,0,1,1,1,1,1,0,0,1,2,2,2,1,2,2,1,2,1,1,0,1,2,2,0,1,2,1,0,1,0,1,1,0,2,2,0,2,2,1,0,1,1,1,1,1,1,0,1,0,1,1,1,0,1,1,1,0,1,a3,1,a1,1,1,1,1,0,1,1,0,0,1,1,1,1,0,1,1,1,0,1,0,1,0,1,1,1,1,1,1,1,0,1,1,1,1,1,0,1,0,0,1,0,1,1,1,0,0,2,2,0,1,2,2,1,0,1,1,1,1,2,2,0,2,2,1,2,1,1,1,2,2,2,2,1,2,0,0,1
1,1,1,1,1,1,1,0,0,1,0,1,0,1,1,1,1,1,1,1,0,1,1,1,1,1,1,0,0,1,0,1,2,1,1,1,0,1,1,2,1,2,1,0,1,1,2,1,0,2,0,1,2,2,2,2,2,0,2,1,2,0,1,1,0,1,1,1,0,1,1,1,0,1,0,0,1,0,1,1,a3,1,a1,1,0,1,1,0,0,1,1,1,1,1,1,1,1,1,1,1,1,1,1,1,0,1,1,1,1,1,1,1,1,1,1,1,1,0,1,1,1,1,1,0,1,1,1,0,0,2,1,0,2,0,2,1,1,2,0,0,2,0,0,0,2,1,2,2,1,1,2,1,1,1,1,1,0,1,1,1
1,0,1,0,1,1,1,1,1,1,1,1,1,1,1,1,1,1,1,1,1,1,1,1,0,1,0,1,0,1,1,2,2,2,1,1,0,0,0,2,1,1,1,0,2,2,1,1,1,1,2,0,2,1,1,0,0,2,1,2,0,1,1,1,1,0,1,1,1,0,1,1,1,1,0,1,1,1,1,1,a3,1,a1,1,0,1,1,1,1,1,1,1,1,1,0,1,1,1,1,1,1,1,1,0,0,0,1,0,1,1,1,1,1,1,1,1,1,1,1,1,1,1,1,1,0,1,0,0,2,1,2,1,2,1,2,2,1,1,1,1,0,1,1,0,2,2,1,1,1,1,2,2,2,0,2,1,1,2,1,1
1,1,1,1,1,1,0,1,1,1,1,1,1,1,1,1,1,1,0,1,1,1,1,1,1,1,0,1,0,1,0,2,1,2,1,2,2,2,2,1,0,2,1,2,2,1,2,1,2,0,1,1,0,0,0,1,2,1,1,1,2,0,1,1,1,1,1,1,1,1,1,1,1,1,1,1,0,1,0,1,a3,1,a1,1,1,1,1,1,1,1,1,1,1,1,1,1,0,1,1,1,0,1,1,1,1,1,1,1,0,1,1,0,1,1,1,1,1,1,1,0,1,1,0,0,1,1,1,1,1,2,2,1,2,1,1,1,0,0,2,0,2,0,2,1,0,2,2,1,1,1,1,2,0,1,1,2,1,2,1,1
1,1,1,1,0,1,1,0,1,1,0,1,1,1,1,0,1,0,1,1,1,1,0,1,1,1,1,1,1,0,0,1,2,0,2,2,1,0,1,2,1,0,2,2,2,0,1,0,1,1,0,0,2,2,2,1,2,1,1,0,0,1,1,0,1,1,1,0,1,0,1,1,1,0,0,0,1,1,0,1,a3,0,a1,1,1,1,1,0,1,0,0,1,1,1,1,0,1,1,1,1,1,0,0,0,1,1,1,0,1,0,0,0,1,1,1,1,1,1,0,0,1,1,1,0,1,1,0,1,1,2,2,2,1,1,2,0,1,1,1,1,2,1,2,1,1,1,2,1,2,2,0,1,2,1,2,1,2,1,1,1
1,0,0,1,1,1,1,1,1,1,1,0,1,1,0,0,1,1,1,0,1,0,1,1,1,1,0,1,1,1,1,1,1,1,2,0,0,2,1,0,2,1,1,1,2,2,1,2,1,1,1,2,2,2,0,1,1,1,0,1,2,1,1,1,1,1,1,0,0,0,0,1,1,1,1,1,1,0,1,1,a3,1,a1,1,1,1,1,1,1,1,1,1,1,1,1,1,1,1,0,1,1,1,0,1,1,1,1,1,1,1,1,1,1,1,1,1,1,1,1,0,1,0,1,1,0,1,1,0,2,2,2,2,2,2,0,2,2,2,1,2,1,2,0,2,2,1,1,2,1,1,1,1,0,0,1,1,1,1,1,1
1,0,0,1,1,0,1,0,1,0,1,0,1,0,0,1,1,1,1,1,1,1,1,1,0,1,1,1,1,0,1,2,1,1,1,0,1,1,2,1,1,1,1,0,2,1,1,0,0,1,0,2,0,1,0,1,2,0,1,0,0,2,1,1,1,1,0,1,1,1,1,1,0,1,1,1,1,0,0,1,a3,0,a1,1,1,1,1,1,1,1,0,1,1,1,1,1,1,1,1,1,1,0,1,1,0,1,1,1,1,1,1,0,1,1,1,1,1,1,1,1,1,1,1,0,1,1,1,0,1,1,1,0,2,1,0,0,1,1,0,0,1,2,0,0,1,2,0,1,1,1,1,1,0,2,2,0,1,2,1,1
1,1,0,0,0,0,1,1,1,1,0,1,0,1,0,1,1,0,0,0,1,1,0,0,1,0,1,1,1,1,1,1,1,2,1,2,2,0,0,1,1,0,2,1,2,1,1,1,1,2,0,2,2,1,2,2,1,2,2,2,0,2,1,1,1,1,1,1,0,1,1,1,1,1,1,1,1,1,0,1,a3,1,a1,1,1,1,1,1,1,1,1,1,1,1,1,1,1,1,1,1,0,0,1,1,1,1,1,1,0,0,1,1,1,1,0,0,0,1,1,0,1,1,1,0,1,1,1,0,1,2,1,0,2,1,1,1,1,1,1,2,2,1,2,2,0,2,2,0,2,2,1,2,1,2,1,1,0,0,1,1
1,1,1,1,1,0,1,1,1,1,1,1,1,1,1,1,1,1,0,1,1,1,1,1,1,0,1,1,1,0,1,2,2,1,2,0,2,2,2,2,2,2,0,1,1,2,0,1,1,1,1,1,1,1,2,2,0,0,0,2,0,1,0,1,1,0,0,1,1,0,0,1,1,1,0,1,1,1,0,0,a3,1,a1,1,1,1,1,0,1,1,0,1,1,1,1,1,1,1,1,1,1,1,0,1,1,1,1,1,1,1,1,1,1,1,1,0,1,1,1,1,1,1,1,1,1,1,1,1,1,2,0,1,1,0,2,2,1,1,2,1,2,0,1,0,2,2,2,1,1,2,2,1,1,1,0,0,0,2,1,1
0,1,1,1,1,1,1,1,1,1,1,1,1,1,1,0,1,1,1,0,1,1,1,1,1,0,1,1,0,1,1,2,2,2,0,1,0,2,0,2,2,2,1,1,1,0,2,1,2,2,2,2,1,1,1,1,0,1,2,1,2,1,0,1,1,1,1,1,1,1,0,1,1,0,1,1,1,1,1,1,a3,1,a1,1,1,1,1,0,0,1,1,1,1,1,0,1,1,1,1,1,0,1,1,0,1,1,1,1,1,1,0,0,1,1,1,1,1,1,1,1,1,1,1,0,0,1,1,2,0,1,1,2,0,1,2,2,1,1,0,2,0,2,2,1,1,1,1,1,2,1,2,1,1,2,1,1,0,1,1,1
1,1,1,1,1,0,0,1,1,1,0,1,1,1,1,1,0,0,1,1,1,1,1,1,1,1,1,1,1,0,1,1,2,2,2,2,1,1,2,2,0,2,2,2,1,2,1,0,2,2,0,2,1,1,2,1,2,2,1,2,0,2,1,1,1,1,0,1,0,1,1,1,1,1,1,1,1,1,1,0,a3,1,a1,1,1,1,1,1,1,1,1,1,1,0,1,1,1,0,1,1,1,1,1,1,1,1,0,1,1,0,1,1,1,1,1,0,1,1,1,1,1,1,0,1,1,0,0,0,0,0,1,1,0,1,1,0,1,1,1,1,1,0,0,1,1,1,1,0,1,1,0,1,0,0,1,1,1,1,0,1
1,0,1,1,0,1,1,1,1,1,1,0,1,1,0,1,0,1,1,0,0,1,0,1,1,1,1,1,0,1,0,0,0,1,2,1,2,1,1,1,2,1,1,1,1,0,2,2,2,1,1,0,1,2,0,0,2,1,2,0,2,2,1,0,0,1,1,1,0,1,1,0,1,1,1,1,1,1,1,1,a3,1,a1,1,1,0,0,1,1,1,1,1,1,1,1,0,0,1,1,1,1,1,1,1,1,1,1,1,1,1,1,1,1,0,0,0,0,1,1,1,1,1,0,1,1,1,1,1,1,0,0,1,0,1,1,0,1,1,1,0,1,0,0,1,1,1,1,1,1,1,1,1,1,1,1,1,1,1,1,1
1,1,1,1,1,1,1,1,1,1,0,1,1,1,1,1,1,1,0,1,1,1,1,1,1,1,1,1,1,1,1,1,2,0,2,1,1,1,1,2,1,0,1,0,1,1,1,0,2,1,0,2,2,0,2,1,0,2,0,2,2,2,1,1,1,0,1,1,1,1,0,1,1,1,1,1,1,1,1,0,a3,0,a1,0,1,1,1,1,1,1,1,1,0,0,0,1,0,1,1,1,1,1,1,1,0,1,0,0,0,1,1,1,1,0,1,0,1,1,1,1,1,0,1,0,1,1,1,1,0,1,1,1,1,1,1,1,1,1,1,1,0,1,1,1,1,1,0,1,1,0,1,1,1,1,1,1,1,1,0,1
1,1,1,0,1,1,1,1,1,1,0,1,1,1,1,1,1,0,1,1,0,1,1,0,1,1,1,1,1,0,1,2,0,2,1,2,2,2,1,2,0,2,0,1,2,0,0,2,0,1,0,1,0,1,1,2,2,1,0,1,1,1,1,1,1,1,1,1,1,1,1,1,1,1,1,1,1,1,1,1,a3,1,a1,1,1,0,1,1,1,1,1,1,1,0,1,1,1,1,1,1,1,0,0,1,1,1,1,1,0,1,1,1,0,0,1,0,1,0,1,0,1,1,1,0,0,1,1,1,1,0,0,1,1,1,1,0,1,1,1,0,1,1,1,1,1,1,1,0,1,1,0,0,1,1,1,1,1,1,1,0
1,1,1,1,1,1,1,1,1,1,1,1,1,1,1,1,1,1,1,1,1,1,1,1,1,1,1,1,1,1,1,1,2,2,2,1,1,2,1,1,2,2,1,1,2,2,2,1,0,2,1,2,1,2,1,2,0,2,2,2,1,0,0,1,0,1,1,1,1,1,1,0,1,1,0,1,0,1,1,0,a3,1,a1,1,1,1,1,1,1,1,1,1,0,0,0,0,1,0,1,1,1,1,0,1,0,0,1,1,0,1,0,1,1,1,1,1,1,1,1,1,1,1,0,0,1,1,1,0,1,0,0,1,0,1,1,1,1,0,1,0,1,1,1,1,1,1,1,0,0,0,1,1,1,0,1,0,1,1,1,1
1,1,1,1,1,1,0,0,0,1,1,0,1,1,1,1,1,0,1,1,1,1,1,1,1,1,1,1,0,1,0,2,1,0,2,0,0,1,0,1,1,0,2,0,2,1,2,2,0,2,1,1,2,2,1,0,2,0,2,2,2,2,1,0,1,0,1,1,1,1,1,1,1,0,1,0,1,0,1,1,a3,0,a1,1,0,0,1,1,1,1,1,1,1,1,1,1,1,1,1,0,1,1,1,1,1,1,1,0,1,0,1,1,0,1,1,1,1,0,1,1,1,1,1,1,1,1,1,1,1,1,0,0,1,1,0,1,0,1,0,1,0,0,0,1,1,0,1,1,1,1,1,1,1,1,0,1,1,1,1,0
1,1,1,1,1,1,1,0,1,1,1,1,1,1,1,1,1,1,1,1,1,1,1,1,0,1,1,1,1,1,0,0,0,2,1,2,1,0,2,0,1,1,2,2,1,1,2,2,2,2,0,1,2,1,1,1,2,1,1,0,1,1,1,0,0,1,0,0,1,1,1,0,1,1,1,1,0,1,1,0,a3,0,a1,1,0,1,1,1,0,1,1,1,1,1,1,1,0,0,1,1,1,0,1,1,0,1,0,1,1,1,1,1,1,1,0,1,1,1,1,1,1,1,1,1,0,1,1,1,1,1,0,1,1,1,0,0,0,1,1,1,1,1,1,1,1,1,1,1,1,0,1,0,1,1,1,1,1,1,1,0
1,1,1,1,1,0,1,1,1,1,1,1,0,1,1,1,1,1,1,0,1,1,0,1,1,1,1,1,1,1,1,1,2,1,2,1,1,0,0,1,0,2,0,0,2,1,1,1,2,2,0,1,1,2,0,1,1,2,2,2,1,2,1,0,1,0,1,1,0,1,1,0,1,1,1,1,1,0,1,1,a3,1,a1,1,0,1,1,1,1,0,1,1,1,0,1,0,1,0,0,0,0,1,1,1,1,1,0,0,0,1,0,1,1,0,0,1,1,0,1,1,1,1,1,1,1,1,1,1,0,1,1,1,0,1,1,1,1,1,0,0,1,1,1,1,1,1,1,1,0,0,1,0,1,0,1,1,1,1,1,1
0,1,1,1,1,1,0,1,1,1,1,1,1,1,1,0,1,1,1,1,0,1,1,1,1,0,1,1,0,1,1,1,2,0,2,2,2,1,1,1,0,1,2,2,2,0,2,2,2,2,1,1,0,2,2,2,2,1,2,1,2,0,0,1,0,0,1,1,0,1,1,0,1,1,1,1,0,1,1,1,a3,1,a1,0,1,1,1,1,1,1,0,0,1,0,1,0,0,1,1,0,1,1,1,1,0,1,1,1,1,1,0,1,0,1,1,1,0,1,0,1,0,1,1,1,1,1,0,0,0,1,1,1,1,1,1,0,1,1,1,0,1,1,1,0,1,0,1,1,1,1,1,1,1,1,1,1,1,1,1,1
1,1,0,1,1,0,0,1,1,1,1,0,1,1,1,1,1,0,1,1,0,1,1,1,1,1,0,1,1,1,1,2,1,0,1,0,1,1,1,1,1,1,0,2,2,1,1,1,0,0,1,2,1,2,0,2,2,1,2,2,2,0,1,0,1,1,1,1,0,1,1,1,1,1,1,0,0,1,1,1,a3,0,a1,1,1,1,1,1,1,1,1,0,1,1,1,1,0,1,0,1,1,1,1,1,1,1,0,1,0,1,1,1,1,1,1,1,1,1,0,1,0,1,1,0,1,0,1,1,1,1,1,1,1,0,1,1,1,1,0,1,0,1,1,1,0,1,1,1,1,1,1,1,1,1,0,1,1,1,0,1
